28	1435.87	6925.0094	1745.1
29	478.8	6598.6778	2538.8
29	811.93	6643.6976	46803.0
29	913.69	6656.9386	5014.2
29	927.32	6658.6774	4551.7
29	942.68	6660.6761	12378.0
29	955.05	6662.2686	27029.1
29	1417.63	6719.1995	4686.3
30	492.15	6411.8991	29291.6
30	524.97	6416.3071	217933.2
30	1045.22	6483.0825	29296.0
30	1177.48	6499.1061	3100.3
31	422.17	6224.5272	19781.8
31	436.09	6226.3697	7106.5
31	486.22	6232.9745	1562.7
31	500.45	6234.8554	8812.3
31	994.03	6296.8722	31533.1
31	1027.84	6300.9165	2712.0
31	1084.29	6307.657	31192.7
31	1096.93	6309.16	4034.7
32	446.42	6059.3725	53183.8
32	1156.29	6145.4411	24710.0
32	381.56	6050.9818	2251.9
32	394.99	6052.7229	23801.1
32	417.09	6055.5937	1353.2
32	463.13	6061.5361	1317.4
32	488.42	6064.7508	4595.9
32	1096.97	6138.6465	7006.0
33	565.55	5914.6709	18452.2
33	1066.27	5973.6649	52390.6
33	491.88	5905.5707	4790.6
33	544.65	5912.0853	148002.9
33	1048.0	5971.6008	6457.9
33	1078.73	5975.0648	16010.8
34	570.25	5763.529	9236.8
34	545.35	5760.5508	198436.4
34	1161.17	5830.8272	1000.5
34	1175.3	5832.3705	2189.2
34	1192.96	5834.2633	13155.0
35	746.73	5639.7461	6916.8
35	1162.31	5685.1921	1517.0
35	1224.09	5691.6612	5264.7
36	720.63	5499.2554	22909.4
36	1281.92	5558.702	34305.9
36	79.21	5424.0079	23.5
36	676.52	5494.3306	1763.9
36	690.35	5495.8738	67149.5
36	1221.71	5552.6229	1116.4
36	1265.69	5557.0454	3110.2
36	1459.38	5576.2045	915.3
36	1491.88	5579.3583	1890.6
37	742.76	5370.7096	1372.0
37	768.81	5373.4943	3974.3
37	1330.92	5431.112	1770.1
37	1362.02	5434.1514	762.2
37	1422.92	5439.9891	2249.1
38	760.78	5247.6547	2623.9
38	1381.55	5309.6093	408.5
40	710.79	5009.3344	23932.1
40	639.95	5002.0972	4500.8
41	597.5	4889.0422	26913.2
41	655.92	4894.9551	9277.8
41	1099.59	4937.8295	1262.0
42	1269.07	4847.8095	16262.0
42	119.62	4735.9058	724.1
42	245.9	4749.2002	324.7
42	397.46	4764.8646	129675.8
42	414.46	4766.6006	925.6
42	1162.0	4838.3546	408.8
42	1225.14	4843.9413	448.3
43	321.04	4657.9012	44942.2
43	373.56	4663.2026	442.7
44	403.93	4570.9722	310.5
44	1137.76	4638.6849	323.3
45	524.43	4490.9816	1054.0
45	549.31	4493.3337	2678.2
27	450.43	7007.0961	840.1
27	871.79	7067.2181	1434728.2
27	1481.6	7147.0416	154522.4
28	102.21	6742.8845	54.8
28	737.79	6834.9246	14459.6
28	1139.95	6888.1742	15088.1
28	1362.88	6916.1289	1069.5
29	273.7	6569.6322	1063.7
29	460.36	6596.1141	2902.8
29	523.57	6604.8534	34734.4
29	724.19	6632.0837	4935.0
29	770.52	6638.2207	29205.4
29	781.92	6639.7403	20792.7
29	968.87	6664.051	15112.9
29	987.0	6666.3588	24561.4
29	1052.73	6674.6969	6664.2
29	1073.29	6677.2817	165909.7
29	1129.51	6684.2929	25122.0
29	1350.25	6711.2521	994.1
29	1373.25	6713.97	1389.2
30	359.55	6393.7972	4471.2
30	398.72	6399.2065	5873.4
30	426.56	6403.0128	6285.8
30	540.39	6418.3703	7031.5
30	574.33	6422.8969	5524.4
30	838.72	6457.2824	90619.5
30	1107.89	6490.7372	7035.5
30	1134.58	6493.9694	3798.6
30	1243.46	6506.9868	1921.6
30	1260.8	6509.0503	2512.9
30	1289.11	6512.3639	7084.4
31	247.82	6201.1002	3522.7
31	265.4	6203.4925	40764.3
31	292.89	6207.2201	23843.4
31	357.67	6215.9383	22531.1
31	388.14	6220.0112	3582.1
31	604.84	6248.4055	8290.6
31	706.71	6261.4181	19641.5
31	808.15	6274.1166	8057.6
31	824.5	6276.1646	3536.6
31	1153.11	6315.775	3020.7
31	1227.44	6324.3978	3817.7
31	1252.34	6327.2778	8821.3
31	1343.12	6337.6201	1889.9
31	1361.36	6339.6684	1682.2
32	260.93	6035.1923	1432.4
32	279.97	6037.6975	21887.3
32	322.01	6043.2233	97430.1
32	350.09	6046.8977	5778.2
32	366.62	6049.051	15170.2
32	554.11	6073.1036	2589.2
32	602.72	6079.2227	5181.5
32	832.93	6107.5337	3226.8
32	894.55	6114.9234	164441.1
32	965.78	6123.3619	7329.6
32	1000.24	6127.416	8219.5
32	1214.1	6151.9929	14720.1
32	1259.55	6157.0878	2269.1
32	1297.76	6161.3534	1795.1
32	1326.08	6164.4796	12546.9
33	199.25	5868.3745	314.6
33	310.12	5882.6242	20913.7
33	334.23	5885.7016	7922.2
33	356.89	5888.5841	56368.4
33	367.64	5889.9531	43804.5
33	600.5	5918.9442	3363.4
33	814.67	5944.6472	6003.4
33	1139.88	5981.8846	1929.9
33	1188.56	5987.3016	10586.3
33	1222.24	5991.0071	7700.3
33	1250.82	5994.1287	23154.0
34	218.04	5720.1828	26057.5
34	259.42	5725.3885	5557.7
34	278.08	5727.7103	755.6
34	344.73	5736.0297	1099.2
34	372.8	5739.5196	22153.3
34	391.62	5741.829	5435.0
34	448.0	5748.7412	5449.2
34	483.07	5753.0265	6967.1
34	792.23	5789.6451	9048.1
34	816.57	5792.4304	6696.6
34	869.46	5798.478	1605.6
34	890.18	5800.8297	18795.3
34	950.98	5807.6814	1048.4
34	1020.28	5815.4219	2759.7
34	1252.87	5840.6404	1086.5
34	1441.26	5860.3103	10177.4
34	1563.17	5872.6028	220.3
35	70.38	5558.702	135.9
35	144.91	5567.9986	76.9
35	222.75	5577.6845	3943.3
35	236.35	5579.3583	4028.1
35	462.58	5606.733	89496.4
35	535.27	5615.3195	16082.9
35	844.32	5650.7043	40352.9
35	909.43	5657.9255	2950.1
35	920.33	5659.1272	6211.7
35	975.7	5665.1799	6888.8
35	1085.63	5677.0529	2943.3
35	1131.18	5681.9001	6309.2
35	1374.57	5707.1033	1718.0
35	1505.39	5720.1828	16856.7
35	1558.55	5725.3885	1394.0
36	639.12	5490.1194	2173.4
36	766.28	5504.3018	4338.5
36	782.67	5506.1128	15511.1
36	818.05	5509.9938	5669.2
36	903.04	5519.2353	2221.0
36	956.32	5524.957	7103.9
36	1092.15	5539.2618	10959.8
36	1110.1	5541.1466	1436.0
36	1127.03	5542.89	2092.7
36	1148.05	5545.0495	1459.6
36	1178.43	5548.1758	4607.0
36	1407.86	5571.1913	2021.9
36	1474.38	5577.6845	2671.0
37	104.12	5297.7431	45.9
37	185.27	5307.4655	155.3
37	596.13	5354.6016	960.3
37	857.08	5382.9276	1127.8
37	891.81	5386.6107	5517.5
37	996.22	5397.516	3722.1
37	1045.56	5402.6048	3613.2
37	1172.94	5415.5226	1581.6
37	1192.59	5417.4858	8157.7
37	1258.4	5424.0079	1188.5
37	1275.23	5425.6783	775.7
37	1380.07	5435.8925	396.6
38	370.48	5205.1522	529.5
38	495.93	5219.1099	3252.4
38	579.34	5228.2246	745.0
38	684.2	5239.552	2194.1
38	825.5	5254.4648	3549.4
38	863.04	5258.3602	9311.7
38	879.67	5260.1041	1783.3
38	974.34	5269.7927	1149.2
38	1017.24	5274.1188	1792.2
38	1092.19	5281.6285	2192.3
38	1466.35	5317.4944	645.4
39	62.32	5051.8887	23.9
39	473.49	5098.0432	482.3
39	497.18	5100.6211	2296.5
39	761.98	5128.4897	982.7
39	822.88	5134.746	1827.6
39	849.52	5137.4733	914.5
39	892.36	5141.7827	32729.4
39	913.26	5143.9165	1966.9
39	927.49	5145.3083	18136.6
39	1181.77	5170.2227	407.6
39	1328.46	5183.9896	269.8
39	1369.0	5187.7462	10371.3
39	1457.36	5195.8136	1028.4
39	1494.53	5199.1637	1792.1
40	16.06	4934.3306	20.5
40	156.0	4950.2513	45.2
40	559.38	4993.7488	637.2
40	788.41	5017.1628	51478.0
40	814.62	5019.8062	1453.8
40	1319.74	5067.9737	3236.1
40	1470.18	5081.4462	198.9
41	167.19	4843.9413	45.4
41	346.89	4863.1724	1125.2
41	388.83	4867.556	886.3
41	440.15	4872.9169	1638.0
41	507.49	4879.8635	143622.1
41	530.66	4882.2432	2901.8
41	727.28	4902.0545	829.6
41	754.7	4904.7516	9552.4
41	815.96	4910.7929	2304.9
41	833.6	4912.5293	457.1
41	941.43	4922.9442	526.5
41	1062.0	4934.3306	803.4
41	1206.35	4947.5752	280.5
41	1432.51	4967.6529	165.1
41	1518.95	4975.0917	100.2
42	167.43	4740.9585	84.6
42	323.07	4757.2196	1249.3
42	361.0	4761.1101	217.8
42	530.27	4778.294	3874.8
42	585.86	4783.8617	836.1
42	895.93	4813.8963	960.8
42	1512.2	4868.5277	125.4
42	1545.62	4871.289	306.2
43	84.0	4633.7657	14.7
43	142.0	4639.7036	22.0
43	478.82	4673.6609	2242.7
43	503.11	4676.0555	564.5
43	525.19	4678.2352	296.1
43	662.98	4691.6354	553.4
43	907.8	4714.6715	294.5
44	366.07	4567.2403	164.9
44	438.03	4574.3058	2181.8
44	490.0	4579.3495	27645.6
44	1516.79	4669.6658	110.9
45	187.81	4458.7384	26.7
45	617.0	4499.7037	487.3
45	676.31	4505.2167	282.4
45	806.0	4517.0352	513.3
45	1002.53	4534.4025	253.0
45	1160.08	4547.7589	780.5
45	1419.32	4568.5235	361.6
46	75.57	4361.3071	16.8
46	218.36	4374.1239	68.0
46	238.3	4375.9542	406.0
46	399.57	4391.1105	345.2
46	472.0	4397.9149	182.4
46	589.47	4408.8828	531.6
46	887.42	4435.6787	299.4
46	1294.55	4469.1891	353.3
46	1418.99	4478.5958	166.6
