28	320.68	6989.6553	13331.5	0
28	596.01	7030.2514	63226.6	0
29	1309.59	6911.2264	14734.0	0
29	995.76	6871.2891	91573.4	0
29	244.86	6766.6117	11906.1	0
30	359.91	6583.906	35666.0	0
30	798.42	6643.6976	17232.6	0
30	1059.59	6677.2817	62158.4	0
31	511.5	6416.3071	80236.4	0
31	825.14	6457.2824	37956.8	0
31	1439.57	6531.3418	5571.1	0
31	1031.58	6483.0825	10506.0	0
31	280.13	6384.7169	19886.5	0
32	1070.68	6307.657	11066.6	0
32	1375.92	6342.8595	4214.9	0
32	550.74	6243.1201	9359.7	0
32	252.0	6203.4925	17388.2	0
33	1479.41	6182.6217	14135.6	0
33	880.97	6114.9234	57277.4	0
33	308.65	6043.2233	34212.8	0
34	1237.12	5994.1287	9018.2	0
34	668.34	5928.813	19216.5	0
34	343.5	5888.5841	18917.5	0
35	1427.54	5860.3103	3450.5	0
35	905.89	5804.1412	21469.6	0
35	531.9	5760.5508	69919.9	0
35	204.53	5720.1828	18172.0	0
36	1491.66	5720.1828	6516.7	0
36	830.74	5650.7048	13638.3	0
36	449.12	5606.733	29003.4	0
36	56.45	5558.702	8582.8	0
37	1268.28	5558.702	11496.9	0
37	676.91	5495.8738	22139.5	0
37	707.16	5499.2554	8284.5	0
37	293.72	5451.652	4919.6	0
38	1533.07	5451.652	1263.2	0
38	1178.92	5417.4858	2924.1	0
38	956.02	5394.7608	1845.8	0
38	483.72	5343.5812	4186.2	0
38	210.02	5312.0018	2008.6	0
39	592.61	5231.1597	6085.1	0
39	849.53	5258.3602	3249.4	0
39	1393.88	5312.0018	1139.6	0
39	203.35	5187.7462	5165.1	0
40	1355.34	5187.7462	3329.3	0
40	1048.36	5158.6041	3960.0	0
40	878.78	5141.7827	10095.2	0
40	619.14	5115.0448	1931.3	0
40	134.36	5062.0371	3799.4	0
41	774.91	5017.1628	15654.5	0
41	276.36	4965.0795	15610.9	0
42	494.08	4879.8635	42740.7	0
42	1037.2	4933.2091	3698.7	0
42	1388.84	4965.0795	7005.7	0
42	189.17	4847.8095	5360.2	0
43	1255.48	4847.8095	4936.1	0
43	800.12	4806.0205	21584.6	0
43	384.13	4764.8646	37757.6	0
43	21.82	4726.8683	3639.0	0
44	1130.73	4735.9058	6177.1	0
44	1029.22	4726.8688	15163.5	0
44	762.4	4702.3161	1444.5	0
44	307.74	4657.9012	12171.6	0
44	1469.72	4764.8646	7037.7	0
45	1107.94	4637.2328	999.3	0
45	1351.61	4657.9012	4763.6	0
45	797.72	4609.5673	20728.5	0
45	476.67	4579.3495	7245.1	0
45	130.39	4545.0519	4068.5	0
46	1114.97	4545.0519	7596.2	0
46	724.55	4510.7332	3429.2	0
46	414.15	4481.8107	2772.1	0
47	1436.25	4481.8107	565.5	0
47	766.71	4426.0011	3390.4	0
47	1031.47	4448.8792	538.8	0
47	490.09	4400.9863	1045.0	0
30	152.55	6554.1603	4903.1	1
30	312.82	6577.2146	7063.3	1
30	392.76	6588.5396	31636.6	1
30	413.83	6591.4845	32537.6	1
30	465.41	6598.6778	1148.9	1
30	510.09	6604.8534	13492.8	1
30	620.55	6619.9458	1424.6	1
30	628.16	6620.9665	1564.4	1
30	756.95	6638.2207	10949.5	1
30	768.4	6639.7403	7615.6	1
30	900.0	6656.9386	1916.5	1
30	913.64	6658.6774	1988.2	1
30	929.02	6660.6761	4788.1	1
30	941.4	6662.2686	11876.8	1
30	955.24	6664.051	5769.4	1
30	973.36	6666.3588	9178.4	1
30	1039.08	6674.6969	2723.3	1
30	1115.78	6684.2929	9402.0	1
30	1403.85	6719.1995	1871.5	1
30	1474.3	6727.4583	1448.7	1
29	176.19	6756.4528	13077.7	1
29	324.34	6778.3123	2975.3	1
29	535.03	6808.5311	1315.6	1
29	649.85	6824.6774	1904.5	1
29	668.42	6827.2488	3572.9	1
29	681.4	6829.0355	3026.3	1
29	724.2	6834.9246	6241.8	1
29	919.71	6861.2688	7881.5	1
29	936.73	6863.535	1893.4	1
29	1022.24	6874.753	2173.4	1
29	1059.49	6879.5824	3940.4	1
29	1126.28	6888.1742	5720.4	1
29	1422.25	6925.0094	745.5	1
28	337.73	6992.2126	2803.9	1
28	395.03	7000.8036	3166.5	1
28	515.53	7018.5675	6148.0	1
28	561.11	7025.2251	1143.4	1
31	138.89	6364.8937	2039.7	1
31	171.9	6369.5748	6071.9	1
31	188.92	6371.9436	2490.2	1
31	224.29	6376.9305	3907.6	1
31	299.53	6387.3957	2272.5	1
31	346.17	6393.7972	1866.6	1
31	385.21	6399.2065	2373.0	1
31	413.11	6403.0128	2508.9	1
31	478.7	6411.8991	12322.9	1
31	526.85	6418.3703	2726.0	1
31	560.8	6422.8969	2225.3	1
31	626.38	6431.555	3776.9	1
31	682.73	6438.916	1420.0	1
31	705.43	6441.8994	2630.3	1
31	720.61	6443.8598	2266.2	1
31	743.23	6446.7712	937.4	1
31	1094.26	6490.7372	3025.7	1
31	1120.83	6493.9694	1490.9	1
31	1163.7	6499.1061	1162.4	1
31	1187.83	6501.9919	882.4	1
31	1229.76	6506.9868	828.9	1
31	1247.22	6509.0503	1057.9	1
31	1275.42	6512.3639	2867.9	1
31	1499.29	6538.112	2347.8	1
32	139.65	6188.1251	3822.4	1
32	167.09	6191.9053	4431.8	1
32	213.29	6198.2227	7121.9	1
32	234.37	6201.1002	1590.0	1
32	279.54	6207.2201	9567.0	1
32	344.25	6215.9383	8129.5	1
32	374.65	6220.0112	1557.3	1
32	384.51	6221.3192	1026.6	1
32	408.78	6224.5272	7484.8	1
32	422.71	6226.3697	2911.4	1
32	487.01	6234.8554	3677.1	1
32	524.58	6239.7121	1304.2	1
32	533.82	6240.9536	1501.5	1
32	591.34	6248.4055	3159.6	1
32	693.2	6261.4181	8176.2	1
32	794.54	6274.1166	3128.9	1
32	980.39	6296.8722	11519.9	1
32	1033.41	6303.2507	1115.5	1
32	1083.31	6309.16	1445.2	1
32	1139.39	6315.775	1251.8	1
32	1213.64	6324.3978	1359.8	1
32	1238.6	6327.2778	3820.5	1
32	1289.76	6333.1459	928.5	1
32	1329.42	6337.6201	831.7	1
32	1347.61	6339.6684	758.6	1
32	1493.46	6355.9108	659.0	1
32	1503.82	6357.0229	364.6	1
33	141.3	6021.0357	3638.2	1
33	172.13	6025.15	4736.8	1
33	224.52	6032.1274	69484.1	1
33	266.62	6037.6975	8636.6	1
33	336.68	6046.8977	2239.1	1
33	353.2	6049.051	5806.7	1
33	381.65	6052.7229	8538.2	1
33	432.96	6059.3725	19232.3	1
33	474.96	6064.7508	1684.9	1
33	508.6	6069.0207	1455.4	1
33	540.63	6073.1036	1089.8	1
33	572.3	6077.1057	2044.1	1
33	589.36	6079.2227	2164.7	1
33	605.57	6081.2433	1778.0	1
33	659.98	6088.0305	5321.8	1
33	747.57	6098.8031	11892.4	1
33	803.68	6105.6351	13636.4	1
33	952.23	6123.3619	2681.3	1
33	961.3	6124.4805	2254.7	1
33	986.66	6127.416	2965.8	1
33	1083.31	6138.6465	2515.3	1
33	1142.68	6145.4411	8559.7	1
33	1200.43	6151.9929	5974.2	1
33	1312.48	6164.4796	4486.4	1
33	1383.53	6172.2778	16063.2	1
33	1440.36	6178.4315	913.4	1
33	1531.2	6188.1251	1233.3	1
33	1567.13	6191.9053	1074.2	1
34	66.34	5852.6806	1115.8	1
34	150.56	5863.7184	1107.0	1
34	296.77	5882.6242	7364.8	1
34	320.82	5885.7016	3309.0	1
34	354.2	5889.9531	17542.8	1
34	366.1	5891.451	2459.5	1
34	432.8	5899.8441	1291.6	1
34	478.48	5905.5707	1882.3	1
34	531.2	5912.0853	50909.3	1
34	552.07	5914.6709	7271.3	1
34	801.12	5944.6472	2492.2	1
34	1005.56	5968.3199	1133.7	1
34	1034.45	5971.6008	2266.6	1
34	1052.64	5973.6649	19521.9	1
34	1065.13	5975.0648	6184.2	1
34	1174.94	5987.3016	3733.6	1
34	1208.59	5991.0071	3088.4	1
34	1281.85	5998.9987	2478.7	1
34	1357.21	6007.0722	1832.5	1
34	1386.3	6010.1606	1426.9	1
34	1419.62	6013.6777	1048.3	1
34	1489.84	6021.0357	1449.6	1
34	1529.78	6025.15	1465.5	1
35	53.17	5700.9176	1038.3	1
35	101.75	5707.1033	877.7	1
35	246.08	5725.3885	2511.2	1
35	359.41	5739.5196	7174.3	1
35	378.28	5741.829	2057.4	1
35	434.5	5748.7412	2213.3	1
35	469.69	5753.0265	2707.4	1
35	556.74	5763.529	3545.3	1
35	595.29	5768.1812	2058.1	1
35	644.52	5773.9463	2311.8	1
35	778.68	5789.6451	3570.7	1
35	803.06	5792.4304	2515.2	1
35	876.62	5800.8297	6954.5	1
35	887.65	5802.0798	3701.0	1
35	1006.67	5815.4219	993.5	1
35	1161.62	5832.3705	851.3	1
35	1179.32	5834.2633	4538.2	1
35	1353.4	5852.6806	1021.4	1
35	1361.14	5853.4745	717.9	1
36	43.61	5557.0454	905.7	1
36	156.65	5571.1913	1404.8	1
36	197.17	5576.2045	916.0	1
36	209.27	5577.6845	2199.4	1
36	222.91	5579.3583	2017.9	1
36	285.39	5587.0263	9100.5	1
36	299.35	5588.7506	1442.9	1
36	351.75	5595.0635	2914.0	1
36	371.76	5597.4756	2225.4	1
36	430.47	5604.5154	1254.7	1
36	493.9	5612.0679	1718.6	1
36	521.78	5615.3195	5990.6	1
36	733.18	5639.7461	2429.2	1
36	785.39	5645.6688	1640.5	1
36	830.74	5650.7043	13638.3	1
36	895.84	5657.9255	1229.3	1
36	906.8	5659.1272	2116.3	1
36	962.08	5665.1799	2837.4	1
36	1052.68	5674.9864	783.1	1
36	1071.95	5677.0529	1186.3	1
36	1117.6	5681.9001	2248.9	1
36	1148.6	5685.1921	629.9	1
36	1210.47	5691.6612	1876.5	1
36	1360.95	5707.1033	680.3	1
37	42.83	5421.3517	1255.4	1
37	122.46	5431.112	744.7	1
37	195.99	5439.9891	1334.4	1
37	399.95	5464.2055	1044.9	1
37	616.53	5489.0885	563.3	1
37	625.64	5490.1194	756.0	1
37	697.52	5498.1841	1323.8	1
37	752.78	5504.3018	1654.2	1
37	769.17	5506.1128	5210.5	1
37	804.52	5509.9938	2251.1	1
37	848.92	5514.8731	1601.3	1
37	889.09	5519.2353	658.1	1
37	942.66	5524.957	2291.5	1
37	1078.54	5539.2618	4161.5	1
37	1096.73	5541.1466	607.8	1
37	1113.49	5542.89	837.0	1
37	1134.36	5545.0495	549.0	1
37	1164.79	5548.1758	1797.5	1
37	1208.26	5552.6229	474.6	1
37	1252.06	5557.0454	1277.6	1
37	1394.12	5571.1913	883.0	1
37	1460.73	5577.6845	949.2	1
37	1478.24	5579.3583	795.2	1
37	1558.2	5587.0263	2039.5	1
38	60.52	5294.3971	241.3	1
38	256.58	5317.4944	589.2	1
38	337.96	5326.9756	1169.2	1
38	362.29	5329.7559	681.0	1
38	641.68	5361.1556	469.6	1
38	654.75	5362.5751	584.8	1
38	716.65	5369.2819	800.8	1
38	729.22	5370.7096	515.0	1
38	755.25	5373.4943	1359.5	1
38	767.87	5374.8219	1015.3	1
38	785.35	5376.7809	654.0	1
38	807.14	5379.1105	1662.3	1
38	878.24	5386.6107	2015.8	1
38	982.62	5397.516	1230.8	1
38	996.34	5398.9219	1163.3	1
38	1031.91	5402.6048	1206.5	1
38	1217.99	5421.3517	2104.9	1
38	1244.69	5424.0079	570.0	1
38	1261.61	5425.6783	272.5	1
38	1317.26	5431.112	678.0	1
38	1348.4	5434.1514	325.1	1
38	1409.42	5439.9891	715.0	1
38	1433.32	5442.2477	242.2	1
39	14.3	5165.7728	529.5	1
39	104.17	5176.2292	572.7	1
39	110.46	5176.961	549.0	1
39	261.97	5194.4576	408.6	1
39	274.04	5195.8136	1439.1	1
39	482.48	5219.1099	1186.5	1
39	501.91	5221.271	4189.8	1
39	566.0	5228.2246	335.2	1
39	664.33	5238.8137	812.9	1
39	670.62	5239.552	887.9	1
39	747.1	5247.6547	930.0	1
39	811.86	5254.4648	1216.2	1
39	866.07	5260.1041	689.7	1
39	931.06	5266.7103	1796.8	1
39	960.87	5269.7927	413.0	1
39	1003.7	5274.1188	706.3	1
39	1131.95	5286.887	694.0	1
39	1228.92	5296.2787	563.0	1
39	1452.78	5317.4944	253.3	1
39	1556.4	5326.9756	282.3	1
40	187.11	5067.9737	1621.0	1
40	445.48	5096.4848	632.4	1
40	748.21	5128.4897	399.8	1
40	809.34	5134.746	702.3	1
40	899.95	5143.9165	758.7	1
40	913.9	5145.3083	5767.1	1
40	1003.92	5154.243	1494.0	1
40	1086.26	5162.2846	5981.0	1
40	1098.26	5163.4584	960.8	1
40	1122.28	5165.7728	1364.8	1
40	1231.86	5176.2292	778.6	1
40	1443.72	5195.8136	405.9	1
40	1480.64	5199.1637	719.8	1
41	97.59	4945.4587	485.0	1
41	341.81	4972.1597	1464.2	1
41	438.91	4982.4875	408.5	1
41	465.89	4985.3725	696.8	1
41	626.52	5002.0972	1613.5	1
41	697.32	5009.3344	6882.6	1
41	801.19	5019.8062	567.4	1
41	890.65	5028.6556	1051.9	1
41	999.36	5039.2303	1052.3	1
41	1056.63	5044.7195	1861.8	1
41	1081.06	5047.0434	527.4	1
41	1120.57	5050.7842	492.2	1
41	1306.12	5067.9737	1267.5	1
42	426.82	4872.9169	620.2	1
42	483.1	4878.733	1149.0	1
42	517.28	4882.2432	890.5	1
42	584.08	4889.0422	9269.6	1
42	642.46	4894.9551	3018.2	1
42	741.23	4904.7516	2767.8	1
42	816.0	4912.0428	710.5	1
42	896.22	4919.8157	907.6	1
42	1169.63	4945.4587	779.4	1
43	70.18	4732.0532	958.8	1
43	106.3	4735.9058	3315.4	1
43	516.86	4778.294	1359.3	1
43	1069.29	4831.1213	686.5	1
44	106.22	4637.2328	542.3	1
44	465.42	4673.6609	862.0	1
44	593.57	4686.1946	457.2	1
44	780.22	4703.9898	1609.9	1
44	991.19	4723.4382	1279.2	1
44	1029.22	4726.8683	15163.5	1
44	1087.26	4732.0532	2417.5	1
45	586.87	4589.8978	11395.6	1
45	652.57	4596.0967	1000.8	1
45	680.99	4598.7627	2041.2	1
45	1007.38	4628.4409	507.0	1
46	340.63	4474.7594	1206.5	1
46	536.0	4493.3337	1005.4	1
46	591.85	4498.5384	306.8	1
46	639.27	4502.9268	393.6	1
46	853.6	4522.323	453.1	1
46	946.56	4530.5523	424.5	1
46	1535.4	4579.3495	703.9	1
47	38.0	4357.6132	164.9	1
47	171.54	4370.7532	469.6	1
47	480.37	4400.0968	547.2	1
47	814.19	4430.189	1716.5	1
47	856.01	4433.838	563.9	1
47	921.19	4439.4614	412.4	1
47	1346.96	4474.7594	446.0	1
42	1106.31	4939.6422	606.4	1
42	1470.44	4972.1597	409.5	1
42	35.49	4831.1213	259.0	1
42	124.5	4840.8492	452.0	1
41	45.43	4939.6422	270.6	1
41	903.1	5029.8916	388.3	1
41	1241.23	5062.0371	4846.2	1
28	1197.52	7112.9189	233.6	1
28	1429.14	7142.331	268.1	1
30	43.07	6538.112	5274.5	1
30	185.23	6558.8756	1150.7	1
30	223.55	6564.4445	839.5	1
30	431.27	6593.9391	9669.2	1
30	446.9	6596.1141	1294.1	1
30	572.0	6613.374	1413.5	1
30	1359.6	6713.97	592.4	1
32	25.73	6172.2778	20020.4	1
32	69.76	6178.4315	1538.5	1
32	86.06	6180.705	1405.4	1
32	99.86	6182.6217	32029.4	1
32	1528.54	6359.6744	183.9	1
29	152.38	6752.8335	95343.8	1
29	413.48	6791.2351	1444.9	1
29	1117.19	6887.0881	3224.8	1
29	1527.84	6937.6642	9312.5	1
39	303.36	5199.1637	2382.9	1
39	410.87	5211.2305	2074.1	1
39	1367.92	5309.6093	216.0	1
39	1428.21	5315.2278	214.9	1
40	483.66	5100.6211	793.6	1
40	1168.53	5170.2227	234.4	1
40	1239.96	5176.961	696.6	1
40	1305.1	5183.0897	198.3	1
40	1428.9	5194.4576	211.0	1
40	1547.68	5205.1522	136.5	1
43	42.68	4729.1282	132.0	1
43	125.5	4737.9172	121.0	1
43	141.67	4739.6764	258.6	1
43	149.52	4740.5292	176.2	1
43	179.48	4743.687	167.5	1
43	232.21	4749.2002	277.5	1
43	628.69	4789.3868	693.5	1
43	837.83	4809.614	397.8	1
43	882.52	4813.8963	387.1	1
43	957.85	4820.8847	373.5	1
43	965.15	4821.5878	361.4	1
43	979.11	4822.8548	629.5	1
43	1020.74	4826.7004	433.7	1
43	1176.89	4840.8492	663.1	1
43	1376.0	4858.3327	107.5	1
43	1410.04	4861.2167	113.0	1
43	1433.12	4863.1724	204.2	1
43	1464.66	4865.91	418.5	1
47	263.49	4379.6668	532.7	1
47	576.08	4408.8828	288.0	1
47	1075.38	4452.5655	163.2	1
