78	1050.72	4609.5673	40373.5	0.0
78	455.39	4545.0519	13915.2	0.0
78	753.26	4579.3495	29286.9	0.0
77	500.35	4609.5673	34855.0	0.0
77	933.88	4657.9012	51834.7	0.0
76	401.51	4657.9012	14005.2	0.0
76	1010.3	4726.8683	34228.5	0.0
75	455.41	4726.8683	20166.2	0.0
75	774.44	4764.8646	128411.0	0.0
75	1179.03	4806.0205	13949.6	0.0
74	258.8	4764.8646	6408.7	0.0
74	577.49	4806.0205	36751.2	0.0
74	944.73	4847.8095	18415.2	0.0
73	389.9	4847.8095	5940.2	0.0
73	719.85	4889.0422	16048.5	0.0
72	527.77	4933.2091	4943.4	0.0
72	851.38	4972.1597	2678.9	0.0
71	250.5	4965.0795	2370.5	0.0
71	579.46	5009.3344	7692.4	0.0
71	1033.29	5062.0371	7402.7	0.0
70	437.0	5062.0371	5250.6	0.0
70	858.84	5115.0448	2039.2	0.0
70	1140.01	5145.3083	2421.0	0.0
69	483.75	5141.7827	6425.0	0.0
69	639.44	5162.2846	7258.1	0.0
69	1154.12	5221.271	1370.8	0.0
68	274.71	5187.7462	1097.9	0.0
68	512.12	5221.271	2536.6	0.0
68	799.77	5258.3602	2438.6	0.0
67	721.3	5326.9756	923.6	0.0
67	1119.92	5373.4943	342.4	0.0
67	424.04	5286.887	334.5	0.0
66	265.39	5343.5812	333.7	0.0
66	850.96	5424.0079	383.4	0.0
66	563.44	5386.6107	767.5	0.0
66	1089.96	5451.652	2418.2	0.0
65	438.35	5451.652	2276.3	0.0
65	786.08	5499.2554	3211.7	0.0
65	1124.33	5539.2618	767.3	0.0
64	590.03	5558.702	10451.0	0.0
64	958.74	5606.733	11380.2	0.0
64	454.72	5539.2618	1067.7	0.0
63	320.49	5606.733	3745.2	0.0
63	848.33	5681.9001	970.8	0.0
63	1170.79	5720.1828	2579.8	0.0
62	469.44	5720.1828	4271.7	0.0
62	1097.57	5804.1412	2247.6	0.0
61	406.04	5804.1412	2398.8	0.0
61	789.81	5860.3103	3202.8	0.0
61	1031.98	5891.451	258.5	0.0
60	293.1	5882.6242	758.6	0.0
60	587.09	5928.813	3968.8	0.0
60	1069.0	5994.1287	1203.3	0.0
59	364.3	5994.1287	1002.6	0.0
59	680.35	6043.2233	7851.2	0.0
59	1151.71	6105.6351	1113.8	0.0
58	372.28	6098.8031	1077.9	0.0
58	667.17	6145.4411	2280.9	0.0
58	928.88	6182.6217	5186.7	0.0
58	1090.99	6203.4925	1244.4	0.0
57	237.46	6182.6217	1306.0	0.0
57	601.7	6243.1201	1391.8	0.0
57	1054.38	6307.657	1810.2	0.0
57	971.93	6296.8722	1917.2	0.0
56	320.32	6307.657	1193.6	0.0
56	798.27	6384.7169	5013.6	0.0
56	1024.21	6416.3071	12700.6	0.0
55	286.36	6416.3071	6006.3	0.0
55	682.82	6483.0825	3431.1	0.0
55	1062.9	6538.112	1881.7	0.0
54	565.15	6583.906	6314.8	0.0
54	951.28	6643.6976	5301.4	0.0
54	1117.33	6666.3588	2207.4	0.0
53	389.13	6677.2817	21775.3	0.0
53	842.26	6752.8335	66011.6	0.0
53	934.64	6766.6117	6144.3	0.0
51	381.16	6937.6642	19423.0	0.0
51	532.68	6965.4307	389638.0	0.0
50	333.34	7067.2181	347950.0	0.0
50	547.8	7107.4778	12476.2	0.0
50	775.6	7147.0416	239060.0	0.0
49	617.11	7265.1724	11626.4	0.0
49	660.49	7272.9359	322580.8	0.0
49	889.65	7311.7159	24172.0	0.0
49	1165.65	7353.293	24699.0	0.0
48	291.82	7353.293	23142.5	0.0
48	385.2	7372.1184	89638.0	0.0
48	721.62	7435.3683	24958.4	0.0
48	1016.95	7484.3267	9956.6	0.0
47	294.89	7510.4082	4667.3	0.0
47	1041.39	7647.3794	1899.8	0.0
46	277.85	7670.0575	3312.3	0.0
45	991.49	7978.9731	5437.8	0.0
45	517.52	7891.075	19516.8	0.0
45	645.31	7916.442	2323.0	0.0
44	436.17	8053.3085	11247.0	0.0
43	547.82	8264.5225	350537.2	0.0
42	347.3	8416.7269	1841.7	0.0
42	310.4	8408.2096	346997.8	0.0
41	549.11	8667.9442	60639.9	0.0
38	557.41	9354.2198	42371.7	0.0
38	754.25	9399.0891	1181.0	0.0
38	303.16	9291.5313	11423.8	0.0
37	775.08	9657.7863	288798.3	0.0
39	1088.43	9224.4992	329217.6	0.0
39	594.96	9122.9674	370543.0	0.0
40	946.36	8967.6403	813.3	0.0
40	399.09	8849.9165	1442.7	0.0
52	708.22	6861.2688	5299.3	0.0
52	770.01	6871.2891	76844.1	0.0
79	985.41	4545.0519	27940.9	0.0
79	655.82	4510.7332	5789.3	0.0
79	408.19	4481.8107	1294.5	0.0
80	410.02	4426.0011	3083.6	0.0
80	848.29	4474.7594	3159.9	0.0
80	918.8	4481.8107	4902.8	0.0
81	913.66	4426.0011	12056.3	0.0
81	670.68	4400.9863	6145.3	0.0
81	480.87	4379.6668	3155.3	0.0
82	650.6	4345.168	2192.9	0.0
82	545.17	4333.5612	4049.0	0.0
82	994.49	4379.6668	4696.1	0.0
83	1041.78	4331.1995	2672.1	0.0
83	510.92	4277.5282	4343.7	0.0
84	1017.72	4277.5282	4189.8	0.0
84	823.89	4259.3619	2477.8	0.0
84	608.23	4237.2198	252.8	0.0
85	736.95	4200.6745	965.8	0.0
85	713.65	4198.317	788.4	0.0
83	41.38	4221.153	26.7	1.0
83	353.22	4259.3619	277.3	1.0
83	380.48	4262.6124	20.6	1.0
83	463.56	4272.1689	850.5	1.0
83	489.65	4275.1596	92.6	1.0
83	551.57	4282.0413	84.1	1.0
83	559.21	4282.8976	177.4	1.0
83	597.45	4287.0808	44.8	1.0
83	641.11	4291.8098	65.1	1.0
83	719.8	4300.1008	3825.3	1.0
83	789.06	4307.1762	91.1	1.0
83	809.27	4309.2392	1622.5	1.0
83	835.05	4311.7994	68.9	1.0
83	847.49	4312.9975	431.0	1.0
83	860.96	4314.3195	48.2	1.0
83	870.84	4315.2543	156.2	1.0
83	903.29	4318.4157	57.2	1.0
83	921.63	4320.1264	46.2	1.0
83	983.16	4325.8599	31.1	1.0
83	1016.38	4328.9154	107.4	1.0
83	1051.05	4332.0297	556.3	1.0
83	1068.39	4333.5612	2783.6	1.0
83	1088.77	4335.3379	954.6	1.0
83	1172.27	4342.4442	51.5	1.0
82	107.47	4281.0678	16.2	1.0
82	140.0	4285.1823	15.9	1.0
82	216.77	4294.7193	12.8	1.0
82	223.39	4295.5849	19.1	1.0
82	237.8	4297.3066	17.5	1.0
82	260.67	4300.1008	130.6	1.0
82	335.59	4309.2392	151.0	1.0
82	367.39	4312.9975	86.1	1.0
82	386.43	4315.2543	46.7	1.0
82	396.0	4316.3726	28.5	1.0
82	428.26	4320.1264	37.0	1.0
82	504.04	4328.9154	131.5	1.0
82	524.19	4331.1995	2799.1	1.0
82	561.06	4335.3379	1647.9	1.0
82	611.41	4340.8954	78.4	1.0
82	625.27	4342.4442	168.8	1.0
82	662.44	4346.4367	149.5	1.0
82	677.6	4348.064	17668.9	1.0
82	716.71	4352.2049	1694.4	1.0
82	728.57	4353.4487	201.0	1.0
82	786.23	4359.3719	88.5	1.0
82	812.44	4362.0662	1300.7	1.0
82	829.71	4363.7945	253.8	1.0
82	851.17	4365.9301	209.7	1.0
82	870.34	4367.8316	2958.4	1.0
82	900.3	4370.7532	9136.4	1.0
82	918.1	4372.49	135.0	1.0
82	935.31	4374.1239	668.6	1.0
82	954.68	4375.9542	2920.9	1.0
82	978.3	4378.1768	334.7	1.0
82	1018.23	4381.8601	185.6	1.0
82	1053.55	4385.0566	1728.5	1.0
82	1122.39	4391.1105	136.3	1.0
82	1144.29	4392.974	47.0	1.0
81	105.13	4333.5612	174.9	1.0
81	154.0	4339.8716	20.3	1.0
81	174.56	4342.4442	16.5	1.0
81	196.49	4345.168	59.1	1.0
81	206.0	4346.4367	19.9	1.0
81	219.43	4348.064	406.3	1.0
81	252.56	4352.2049	56.0	1.0
81	271.0	4354.4824	15.2	1.0
81	278.01	4355.3205	19.6	1.0
81	332.81	4362.0662	123.4	1.0
81	347.18	4363.7945	39.5	1.0
81	364.8	4365.9301	41.7	1.0
81	380.49	4367.8316	504.3	1.0
81	404.99	4370.7532	2292.2	1.0
81	433.3	4374.1239	259.0	1.0
81	448.98	4375.9542	1281.0	1.0
81	467.99	4378.1768	197.7	1.0
81	499.77	4381.8601	165.9	1.0
81	527.6	4385.0566	1884.6	1.0
81	581.12	4391.1105	321.8	1.0
81	598.01	4392.974	102.4	1.0
81	662.47	4400.0968	2296.8	1.0
81	688.62	4402.9271	318.2	1.0
81	744.7	4408.8828	772.7	1.0
81	754.5	4409.8991	49.4	1.0
81	798.86	4414.4863	175.5	1.0
81	850.63	4419.7692	53.5	1.0
81	873.66	4422.0479	66.0	1.0
81	957.08	4430.189	4477.4	1.0
81	965.6	4430.9963	1331.5	1.0
81	978.57	4432.2523	51.3	1.0
81	995.7	4433.838	1167.9	1.0
81	1029.5	4436.9961	38.8	1.0
81	1056.77	4439.4614	588.9	1.0
81	1103.2	4443.6657	20.1	1.0
81	1129.01	4445.9012	61.6	1.0
81	1151.0	4447.8346	26.1	1.0
81	1163.79	4448.8792	406.9	1.0
80	84.51	4385.0566	88.9	1.0
80	208.13	4400.9863	125.7	1.0
80	270.7	4408.8828	34.1	1.0
80	308.56	4413.6324	20.4	1.0
80	315.43	4414.4863	22.8	1.0
80	445.06	4430.189	1913.7	1.0
80	475.89	4433.838	690.4	1.0
80	524.08	4439.4614	594.0	1.0
80	542.9	4441.6084	52.5	1.0
80	560.48	4443.6657	58.7	1.0
80	580.04	4445.9012	139.6	1.0
80	606.57	4448.8792	1215.9	1.0
80	623.66	4450.804	50.9	1.0
80	639.45	4452.5655	134.5	1.0
80	689.19	4458.0015	165.4	1.0
80	712.67	4460.5574	182.0	1.0
80	797.4	4469.5253	65.0	1.0
80	886.14	4478.5958	53.4	1.0
80	896.67	4479.6376	40.2	1.0
80	934.59	4483.3468	59.6	1.0
80	971.23	4486.8973	119.8	1.0
80	1000.32	4489.6645	35.9	1.0
80	1014.22	4490.9816	249.0	1.0
80	1039.44	4493.3337	727.9	1.0
80	1096.56	4498.5384	110.3	1.0
80	1112.36	4499.9832	46.7	1.0
80	1146.25	4502.9268	146.4	1.0
80	1172.56	4505.2167	20.5	1.0
79	238.01	4460.5574	19.5	1.0
79	350.8	4474.7594	384.1	1.0
79	450.25	4486.8973	67.6	1.0
79	473.2	4489.6645	37.0	1.0
79	484.41	4490.9816	174.5	1.0
79	504.28	4493.3337	670.4	1.0
79	548.96	4498.5384	184.5	1.0
79	561.19	4499.9832	59.3	1.0
79	586.82	4502.9268	339.2	1.0
79	606.67	4505.2167	65.6	1.0
79	618.12	4506.473	54.9	1.0
79	682.57	4513.6799	72.0	1.0
79	695.46	4515.1182	260.7	1.0
79	733.44	4519.2592	89.9	1.0
79	751.46	4521.1939	270.0	1.0
79	761.9	4522.323	1238.5	1.0
79	778.48	4524.1289	42.2	1.0
79	840.2	4530.5523	1022.7	1.0
79	909.98	4537.6426	262.4	1.0
79	943.84	4540.999	200.5	1.0
79	973.18	4543.8692	149.5	1.0
79	1013.74	4547.7589	270.9	1.0
79	1100.62	4555.8127	160.0	1.0
79	1162.66	4561.3477	49.1	1.0
78	63.2	4494.6907	24.8	1.0
78	184.27	4510.7332	131.4	1.0
78	206.58	4513.6799	16.5	1.0
78	273.54	4522.323	54.1	1.0
78	338.14	4530.5523	114.6	1.0
78	395.15	4537.6426	64.2	1.0
78	421.86	4540.999	75.6	1.0
78	477.81	4547.7589	192.3	1.0
78	514.2	4552.1536	72.3	1.0
78	545.48	4555.8127	235.3	1.0
78	566.74	4558.3458	52.9	1.0
78	592.46	4561.3477	175.1	1.0
78	644.1	4567.2403	179.9	1.0
78	652.54	4568.1426	80.5	1.0
78	677.36	4570.9722	327.1	1.0
78	770.46	4581.1732	117.7	1.0
78	838.3	4588.4261	442.9	1.0
78	852.47	4589.8978	37733.0	1.0
78	879.25	4592.666	361.5	1.0
78	912.96	4596.0967	2318.2	1.0
78	939.45	4598.7627	5307.7	1.0
78	983.72	4603.1446	110.1	1.0
78	1033.49	4607.9347	108.6	1.0
78	1075.01	4611.8597	51.7	1.0
78	1094.31	4613.6044	90.5	1.0
78	1141.0	4617.9065	19.5	1.0
78	1167.41	4620.2408	45.2	1.0
78	1177.6	4621.1629	56.7	1.0
77	109.0	4559.312	19.5	1.0
77	141.73	4563.6609	22.9	1.0
77	221.99	4574.3058	16.0	1.0
77	260.2	4579.3495	1155.5	1.0
77	330.81	4588.4261	60.9	1.0
77	342.07	4589.8978	4936.6	1.0
77	363.71	4592.666	67.8	1.0
77	391.14	4596.0967	714.9	1.0
77	412.43	4598.7627	1647.8	1.0
77	447.53	4603.1446	69.3	1.0
77	533.94	4613.6044	139.2	1.0
77	597.6	4621.1629	173.2	1.0
77	624.98	4624.314	78.7	1.0
77	633.02	4625.2747	57.7	1.0
77	651.15	4627.298	124.4	1.0
77	660.68	4628.4409	2196.1	1.0
77	689.73	4631.7617	175.3	1.0
77	707.76	4633.7657	224.1	1.0
77	738.96	4637.2328	5664.2	1.0
77	752.19	4638.6849	302.2	1.0
77	796.73	4643.5566	78.9	1.0
77	807.64	4644.7072	117.8	1.0
77	859.56	4650.2343	175.8	1.0
77	907.36	4655.2126	111.5	1.0
77	950.18	4659.5698	101.3	1.0
77	986.87	4663.2026	448.1	1.0
77	1056.82	4669.9842	341.0	1.0
77	1095.77	4673.6609	1267.6	1.0
77	1121.9	4676.0555	210.3	1.0
77	1145.58	4678.2352	34.9	1.0
76	38.26	4609.5673	1458.4	1.0
76	115.51	4620.2408	19.1	1.0
76	122.49	4621.1629	18.4	1.0
76	145.45	4624.314	16.5	1.0
76	152.79	4625.2747	14.7	1.0
76	176.21	4628.4409	53.7	1.0
76	242.11	4637.2328	190.2	1.0
76	263.38	4640.0462	27.2	1.0
76	414.56	4659.5698	43.7	1.0
76	443.57	4663.2026	198.7	1.0
76	498.39	4669.9842	310.4	1.0
76	528.53	4673.6609	1642.1	1.0
76	548.4	4676.0555	341.8	1.0
76	566.05	4678.2352	74.9	1.0
76	600.36	4682.2319	405.7	1.0
76	609.5	4683.3517	204.6	1.0
76	633.74	4686.1946	805.9	1.0
76	671.97	4690.6219	394.7	1.0
76	680.34	4691.6354	387.2	1.0
76	702.21	4694.0914	298.0	1.0
76	710.51	4695.0381	1228.1	1.0
76	738.95	4698.2248	91.7	1.0
76	755.79	4700.1402	68.4	1.0
76	761.93	4700.7711	88.1	1.0
76	775.66	4702.3161	5262.0	1.0
76	790.87	4703.9898	5142.6	1.0
76	806.9	4705.7606	163.1	1.0
76	830.66	4708.294	230.0	1.0
76	854.19	4710.8238	286.1	1.0
76	869.72	4712.4814	336.6	1.0
76	946.88	4720.4586	119.6	1.0
76	957.52	4721.591	996.2	1.0
76	975.95	4723.4382	3606.4	1.0
76	1033.2	4729.1282	388.7	1.0
76	1049.07	4730.6593	144.6	1.0
76	1063.47	4732.0532	4999.8	1.0
76	1084.77	4734.0458	53.4	1.0
76	1104.02	4735.9058	11680.7	1.0
76	1144.66	4739.6764	130.9	1.0
76	1154.33	4740.5292	130.2	1.0
75	30.55	4669.9842	30.6	1.0
75	56.8	4673.6609	43.2	1.0
75	187.0	4691.6354	17.2	1.0
75	211.82	4695.0381	43.8	1.0
75	266.3	4702.3161	257.9	1.0
75	278.86	4703.9898	301.6	1.0
75	330.45	4710.8238	37.7	1.0
75	343.51	4712.4814	33.9	1.0
75	366.06	4715.4308	26.5	1.0
75	413.66	4721.591	345.1	1.0
75	428.33	4723.4382	1510.4	1.0
75	438.73	4724.7723	53.2	1.0
75	473.36	4729.1282	274.9	1.0
75	485.87	4730.6593	161.8	1.0
75	496.82	4732.0532	4959.4	1.0
75	527.97	4735.9058	16863.4	1.0
75	558.58	4739.6764	253.2	1.0
75	579.14	4742.1174	187.9	1.0
75	591.83	4743.687	117.2	1.0
75	605.48	4745.3375	122.4	1.0
75	638.2	4749.2002	584.5	1.0
75	707.06	4757.2196	589.1	1.0
75	741.33	4761.1101	103.3	1.0
75	789.94	4766.6006	1000.1	1.0
75	850.46	4773.241	120.4	1.0
75	870.26	4775.313	145.5	1.0
75	897.87	4778.294	3871.7	1.0
75	911.92	4779.7286	152.1	1.0
75	928.66	4781.526	67.0	1.0
75	940.88	4782.7612	85.0	1.0
75	951.55	4783.8617	186.1	1.0
75	983.31	4787.148	221.6	1.0
75	1005.52	4789.3868	871.2	1.0
75	1032.51	4792.0819	306.4	1.0
75	1071.97	4795.9131	99.3	1.0
75	1115.89	4800.1724	59.8	1.0
74	23.12	4732.0532	210.9	1.0
74	50.18	4735.9058	560.6	1.0
74	271.61	4766.6006	54.6	1.0
74	359.36	4778.294	692.1	1.0
74	427.3	4787.148	97.8	1.0
74	444.74	4789.3868	506.4	1.0
74	465.76	4792.0819	239.7	1.0
74	594.77	4808.1337	2211.7	1.0
74	606.95	4809.614	726.1	1.0
74	668.85	4817.0206	89.8	1.0
74	687.53	4819.193	123.0	1.0
74	701.69	4820.8847	666.7	1.0
74	718.73	4822.8548	1795.7	1.0
74	752.13	4826.7004	888.0	1.0
74	779.36	4829.7973	135.0	1.0
74	791.24	4831.1213	1909.3	1.0
74	806.39	4832.8025	351.8	1.0
74	879.26	4840.8492	2279.0	1.0
74	891.36	4842.1676	62.5	1.0
74	908.09	4843.9413	475.4	1.0
74	919.44	4845.1626	162.0	1.0
74	969.82	4850.4397	186.0	1.0
74	993.7	4852.8685	157.1	1.0
74	1076.97	4861.2167	137.5	1.0
74	1096.92	4863.1724	482.5	1.0
74	1125.38	4865.91	1315.3	1.0
74	1142.92	4867.556	190.8	1.0
74	1156.83	4868.8814	101.6	1.0
73	63.08	4802.6714	15.8	1.0
73	86.56	4806.0205	946.6	1.0
73	101.5	4808.1337	58.6	1.0
73	233.85	4826.7004	51.5	1.0
73	265.85	4831.1213	110.0	1.0
73	337.54	4840.8492	337.6	1.0
73	360.5	4843.9413	88.1	1.0
73	409.71	4850.4397	102.4	1.0
73	428.41	4852.8685	89.6	1.0
73	493.32	4861.2167	151.2	1.0
73	508.24	4863.1724	648.5	1.0
73	529.88	4865.91	2234.4	1.0
73	543.12	4867.556	400.2	1.0
73	553.64	4868.8814	224.0	1.0
73	572.98	4871.289	212.1	1.0
73	586.08	4872.9169	1025.6	1.0
73	597.5	4874.3645	394.0	1.0
73	633.47	4878.733	2138.9	1.0
73	642.85	4879.8635	86807.9	1.0
73	662.6	4882.2432	1566.1	1.0
73	731.85	4890.4582	154.7	1.0
73	751.77	4892.7592	198.5	1.0
73	770.64	4894.9551	6365.5	1.0
73	808.46	4899.2401	161.5	1.0
73	833.2	4902.0545	419.0	1.0
73	857.6	4904.7516	4683.9	1.0
73	906.98	4910.1576	292.1	1.0
73	912.81	4910.7929	154.6	1.0
73	929.1	4912.5293	150.9	1.0
73	998.51	4919.8157	1010.9	1.0
73	1029.21	4922.9442	54.6	1.0
73	1076.9	4927.7803	218.8	1.0
73	1099.08	4929.985	44.1	1.0
73	1132.43	4933.2091	2906.8	1.0
73	1170.1	4936.7746	102.0	1.0
72	20.24	4863.1724	23.9	1.0
72	50.45	4867.556	19.5	1.0
72	135.59	4879.8635	1626.7	1.0
72	152.22	4882.2432	44.5	1.0
72	200.2	4889.0422	453.3	1.0
72	242.2	4894.9551	275.9	1.0
72	293.78	4902.0545	38.0	1.0
72	313.11	4904.7516	573.1	1.0
72	370.28	4912.5293	44.4	1.0
72	425.06	4919.8157	549.1	1.0
72	485.63	4927.7803	228.8	1.0
72	495.54	4929.086	99.3	1.0
72	555.83	4936.7746	232.3	1.0
72	564.04	4937.8295	404.7	1.0
72	578.48	4939.6422	976.8	1.0
72	625.18	4945.4587	1831.5	1.0
72	634.91	4946.6637	219.4	1.0
72	667.44	4950.6264	173.9	1.0
72	760.71	4961.726	141.3	1.0
72	789.3	4965.0795	42035.7	1.0
72	821.02	4968.7556	118.7	1.0
72	832.72	4970.0785	180.3	1.0
72	898.59	4977.3906	68.4	1.0
72	923.94	4980.1859	219.6	1.0
72	945.27	4982.4875	360.4	1.0
72	972.16	4985.3725	757.3	1.0
72	993.38	4987.5582	78.8	1.0
72	1009.65	4989.3086	211.8	1.0
72	1041.53	4992.6372	112.6	1.0
72	1052.99	4993.7488	146.0	1.0
72	1136.52	5002.0972	862.0	1.0
72	1152.23	5003.5981	70.5	1.0
71	30.49	4933.2091	160.9	1.0
71	54.93	4936.7746	14.7	1.0
71	73.9	4939.6422	36.3	1.0
71	97.61	4943.0642	31.5	1.0
71	113.74	4945.4587	46.2	1.0
71	163.57	4952.6908	18.0	1.0
71	300.89	4972.1597	348.1	1.0
71	375.84	4982.4875	123.1	1.0
71	397.09	4985.3725	349.9	1.0
71	426.4	4989.3086	140.2	1.0
71	451.05	4992.6372	81.3	1.0
71	523.16	5002.0972	1555.9	1.0
71	538.93	5004.1279	167.5	1.0
71	641.7	5017.1628	20855.3	1.0
71	662.97	5019.8062	645.0	1.0
71	681.2	5022.0051	221.9	1.0
71	694.62	5023.7084	113.2	1.0
71	735.75	5028.6556	1317.9	1.0
71	745.95	5029.8916	401.1	1.0
71	792.18	5035.3375	99.1	1.0
71	804.14	5036.7284	81.8	1.0
71	817.62	5038.3018	81.8	1.0
71	825.78	5039.2303	1612.4	1.0
71	873.88	5044.7195	2715.3	1.0
71	894.56	5047.0434	642.4	1.0
71	919.29	5049.796	641.2	1.0
71	928.34	5050.7842	600.2	1.0
71	938.35	5051.8887	251.0	1.0
71	970.04	5055.3473	217.5	1.0
71	1047.59	5063.5157	141.3	1.0
71	1073.04	5066.1355	146.5	1.0
71	1091.02	5067.9737	1765.9	1.0
70	68.05	5009.3344	217.0	1.0
70	120.87	5017.1628	433.2	1.0
70	199.39	5028.6556	53.4	1.0
70	272.8	5039.2303	138.7	1.0
70	311.71	5044.7195	447.0	1.0
70	328.1	5047.0434	124.9	1.0
70	355.09	5050.7842	179.6	1.0
70	363.07	5051.8887	93.0	1.0
70	388.02	5055.3473	92.9	1.0
70	467.43	5066.1355	146.1	1.0
70	481.11	5067.9737	2043.1	1.0
70	531.12	5074.6465	69.9	1.0
70	537.58	5075.4659	70.2	1.0
70	571.83	5079.9079	91.6	1.0
70	583.56	5081.4462	220.5	1.0
70	654.94	5090.5455	6561.0	1.0
70	691.38	5095.0639	130.6	1.0
70	703.16	5096.4848	777.6	1.0
70	715.68	5098.0432	155.9	1.0
70	736.92	5100.6211	911.0	1.0
70	826.02	5111.2781	391.7	1.0
70	886.26	5118.2023	826.6	1.0
70	979.11	5128.4897	169.6	1.0
70	995.24	5130.2338	59.8	1.0
70	1003.07	5131.072	60.9	1.0
70	1037.21	5134.746	284.0	1.0
70	1063.29	5137.4733	133.1	1.0
70	1105.08	5141.7827	5107.6	1.0
70	1125.94	5143.9165	258.5	1.0
69	20.23	5074.6465	16.7	1.0
69	164.99	5096.4848	35.0	1.0
69	175.2	5098.0432	21.4	1.0
69	193.16	5100.6211	52.2	1.0
69	292.14	5115.0448	280.5	1.0
69	313.99	5118.2023	173.4	1.0
69	499.41	5143.9165	384.8	1.0
69	509.9	5145.3083	4167.0	1.0
69	531.48	5148.2115	119.8	1.0
69	577.28	5154.243	1134.2	1.0
69	610.78	5158.6041	4266.5	1.0
69	648.59	5163.4584	1068.8	1.0
69	666.74	5165.7728	1756.1	1.0
69	702.46	5170.2227	124.5	1.0
69	730.03	5173.6715	219.8	1.0
69	750.85	5176.2292	1444.9	1.0
69	807.83	5183.0897	155.2	1.0
69	819.13	5184.4534	164.7	1.0
69	846.78	5187.7462	9755.7	1.0
69	904.73	5194.4576	336.2	1.0
69	916.55	5195.8136	1031.2	1.0
69	928.78	5197.236	101.0	1.0
69	946.25	5199.1637	2121.1	1.0
69	988.58	5203.8479	68.5	1.0
69	1000.48	5205.1522	121.4	1.0
69	1056.87	5211.2305	1258.1	1.0
69	1076.99	5213.3492	325.1	1.0
69	1109.92	5216.8139	349.2	1.0
69	1132.9	5219.1099	373.3	1.0
68	52.16	5154.243	33.8	1.0
68	80.26	5158.6041	88.4	1.0
68	104.49	5162.2846	151.9	1.0
68	127.18	5165.7728	49.6	1.0
68	196.67	5176.2292	80.3	1.0
68	320.91	5194.4576	100.6	1.0
68	330.32	5195.8136	243.5	1.0
68	353.62	5199.1637	721.6	1.0
68	395.95	5205.1522	70.6	1.0
68	439.13	5211.2305	1044.8	1.0
68	454.41	5213.3492	330.4	1.0
68	479.2	5216.8139	446.3	1.0
68	496.36	5219.1099	588.9	1.0
68	563.78	5228.2246	159.5	1.0
68	585.75	5231.1597	4313.4	1.0
68	608.12	5234.1069	148.0	1.0
68	649.87	5239.552	506.4	1.0
68	713.51	5247.6547	613.7	1.0
68	767.89	5254.4648	850.4	1.0
68	814.1	5260.1041	438.4	1.0
68	869.62	5266.7103	1199.8	1.0
68	895.42	5269.7927	240.0	1.0
68	923.28	5272.927	196.0	1.0
68	933.26	5274.1188	359.3	1.0
68	995.1	5281.0687	225.7	1.0
68	999.96	5281.6285	396.8	1.0
68	1048.03	5286.887	423.6	1.0
68	1094.2	5291.8163	124.1	1.0
67	158.59	5247.6547	32.2	1.0
67	202.92	5254.4648	60.6	1.0
67	228.94	5258.3602	167.5	1.0
67	240.53	5260.1041	54.5	1.0
67	285.15	5266.7103	201.8	1.0
67	305.71	5269.7927	67.3	1.0
67	327.49	5272.927	68.7	1.0
67	335.4	5274.1188	118.0	1.0
67	387.34	5281.6285	205.6	1.0
67	458.83	5291.8163	123.8	1.0
67	606.56	5312.0018	2024.8	1.0
67	630.78	5315.2278	304.8	1.0
67	648.26	5317.4944	414.2	1.0
67	673.05	5320.7699	109.9	1.0
67	689.64	5322.8988	105.7	1.0
67	742.93	5329.6979	510.3	1.0
67	801.35	5337.0154	113.3	1.0
67	829.89	5340.4982	116.2	1.0
67	855.17	5343.5812	2555.3	1.0
67	997.21	5360.1501	307.7	1.0
67	1006.22	5361.1556	97.7	1.0
67	1019.09	5362.5751	160.3	1.0
67	1045.51	5365.4705	46.9	1.0
67	1093.31	5370.7096	108.1	1.0
67	1132.56	5374.8219	221.4	1.0
67	1173.47	5379.1105	275.3	1.0
66	61.52	5312.0018	52.1	1.0
66	146.83	5325.4317	19.7	1.0
66	174.53	5329.6979	34.1	1.0
66	338.91	5354.6016	49.6	1.0
66	376.73	5360.1501	161.4	1.0
66	393.32	5362.5751	109.7	1.0
66	449.9	5370.7096	134.8	1.0
66	469.54	5373.4943	435.6	1.0
66	479.01	5374.8219	332.2	1.0
66	607.21	5392.5726	152.8	1.0
66	623.3	5394.7608	929.7	1.0
66	644.01	5397.516	799.6	1.0
66	654.74	5398.9219	510.4	1.0
66	682.37	5402.6048	848.6	1.0
66	782.67	5415.5226	413.1	1.0
66	798.29	5417.4858	2358.5	1.0
66	829.47	5421.3517	2082.8	1.0
66	864.72	5425.6783	193.8	1.0
66	909.76	5431.112	601.0	1.0
66	923.78	5432.765	84.4	1.0
66	935.43	5434.1514	252.3	1.0
66	949.99	5435.8925	97.0	1.0
66	969.42	5438.1374	99.1	1.0
66	985.6	5439.9891	1035.6	1.0
66	1005.34	5442.2477	255.6	1.0
65	62.83	5393.9719	28.5	1.0
65	93.53	5398.9219	35.3	1.0
65	116.56	5402.6048	34.6	1.0
65	211.52	5417.4858	185.1	1.0
65	236.5	5421.3517	228.6	1.0
65	253.57	5424.0079	62.7	1.0
65	264.62	5425.6783	41.0	1.0
65	300.24	5431.112	142.3	1.0
65	320.41	5434.1514	89.4	1.0
65	359.1	5439.9891	459.4	1.0
65	508.21	5461.7358	84.1	1.0
65	525.82	5464.2055	359.1	1.0
65	546.78	5467.1704	354.6	1.0
65	633.12	5479.0751	141.4	1.0
65	715.67	5490.1194	375.8	1.0
65	734.77	5492.6435	603.8	1.0
65	747.73	5494.3306	248.4	1.0
65	759.78	5495.8738	11833.1	1.0
65	777.75	5498.1841	645.3	1.0
65	825.93	5504.3018	584.0	1.0
65	840.33	5506.1128	2401.8	1.0
65	871.67	5509.9938	731.0	1.0
65	911.7	5514.8731	511.1	1.0
65	948.01	5519.2353	151.3	1.0
65	996.76	5524.957	846.5	1.0
65	1041.6	5530.0763	54.7	1.0
65	1158.08	5542.89	136.9	1.0
64	135.61	5490.1194	27.0	1.0
64	151.61	5492.6435	49.5	1.0
64	171.84	5495.8738	635.8	1.0
64	193.1	5499.2554	217.7	1.0
64	225.1	5504.3018	77.3	1.0
64	236.58	5506.1128	287.0	1.0
64	261.42	5509.9938	135.8	1.0
64	292.87	5514.8731	110.2	1.0
64	358.8	5524.957	431.4	1.0
64	380.5	5528.2272	60.9	1.0
64	479.52	5542.89	237.7	1.0
64	494.46	5545.0495	207.6	1.0
64	516.02	5548.1758	687.7	1.0
64	547.08	5552.6229	204.6	1.0
64	567.93	5555.5312	87.7	1.0
64	578.34	5557.0454	650.0	1.0
64	629.79	5564.2011	96.4	1.0
64	657.26	5567.9986	138.8	1.0
64	680.68	5571.1913	806.4	1.0
64	717.97	5576.2045	440.4	1.0
64	729.09	5577.6845	1675.5	1.0
64	741.75	5579.3583	1063.3	1.0
64	775.28	5583.7621	155.2	1.0
64	800.42	5587.0263	3742.1	1.0
64	813.6	5588.7506	808.5	1.0
64	863.6	5595.0635	1026.6	1.0
64	882.95	5597.4756	973.6	1.0
64	916.34	5601.6032	1275.5	1.0
64	940.11	5604.5154	340.9	1.0
64	1003.47	5612.0679	293.3	1.0
64	1031.65	5615.3195	1093.2	1.0
64	1123.6	5625.6782	154.6	1.0
63	98.5	5571.1913	25.3	1.0
63	106.58	5572.4649	129.2	1.0
63	138.24	5577.6845	71.5	1.0
63	148.49	5579.3583	47.0	1.0
63	195.86	5587.0263	335.6	1.0
63	246.2	5595.0635	164.9	1.0
63	261.5	5597.4756	196.5	1.0
63	287.52	5601.6032	314.1	1.0
63	306.43	5604.5154	123.6	1.0
63	354.97	5612.0679	174.5	1.0
63	376.23	5615.3195	694.4	1.0
63	444.78	5625.6782	215.5	1.0
63	495.96	5633.295	167.4	1.0
63	540.1	5639.7461	550.9	1.0
63	581.03	5645.6688	325.7	1.0
63	616.74	5650.7043	5236.9	1.0
63	668.36	5657.9255	276.5	1.0
63	677.18	5659.1272	818.7	1.0
63	705.57	5663.042	183.5	1.0
63	721.51	5665.1799	703.3	1.0
63	736.1	5667.1281	263.0	1.0
63	794.94	5674.9864	219.7	1.0
63	810.88	5677.0529	339.0	1.0
63	825.56	5679.005	100.3	1.0
63	873.99	5685.1921	191.5	1.0
63	891.19	5687.3489	104.3	1.0
63	925.81	5691.6612	877.6	1.0
63	1001.56	5700.9176	455.0	1.0
63	1016.75	5702.6511	83.9	1.0
63	1054.62	5707.1033	235.1	1.0
63	1067.87	5708.6794	82.0	1.0
62	195.42	5677.0529	49.9	1.0
62	225.02	5681.9001	154.5	1.0
62	285.75	5691.6612	257.2	1.0
62	327.82	5698.2937	72.8	1.0
62	383.96	5707.1033	183.0	1.0
62	504.16	5725.3885	565.9	1.0
62	519.64	5727.7103	111.6	1.0
62	576.73	5736.0297	127.4	1.0
62	600.57	5739.5196	2670.6	1.0
62	616.76	5741.829	511.8	1.0
62	665.42	5748.7412	444.6	1.0
62	695.97	5753.0265	596.0	1.0
62	750.8	5760.5508	15818.9	1.0
62	772.87	5763.529	706.3	1.0
62	807.49	5768.1812	383.4	1.0
62	837.84	5772.1143	1185.1	1.0
62	851.74	5773.9463	429.1	1.0
62	878.12	5777.4006	100.4	1.0
62	975.52	5789.6451	437.7	1.0
62	998.67	5792.4304	327.3	1.0
62	1028.71	5796.0683	165.8	1.0
62	1039.19	5797.3194	76.2	1.0
62	1048.81	5798.478	77.8	1.0
62	1069.05	5800.8297	753.2	1.0
62	1079.76	5802.0798	631.5	1.0
62	1128.14	5807.6814	56.4	1.0
61	68.25	5748.7412	16.5	1.0
61	93.32	5753.0265	30.4	1.0
61	137.71	5760.5508	738.9	1.0
61	218.37	5773.9463	83.9	1.0
61	239.39	5777.4006	41.8	1.0
61	314.39	5789.6451	197.7	1.0
61	331.86	5792.4304	162.3	1.0
61	354.84	5796.0683	119.4	1.0
61	369.76	5798.478	68.7	1.0
61	384.9	5800.8297	698.8	1.0
61	392.91	5802.0798	558.6	1.0
61	478.92	5815.4219	183.5	1.0
61	581.82	5830.8272	127.5	1.0
61	592.1	5832.3705	234.4	1.0
61	605.11	5834.2633	1889.1	1.0
61	649.19	5840.6404	153.6	1.0
61	671.07	5843.8069	207.2	1.0
61	734.02	5852.6806	425.3	1.0
61	815.11	5863.7184	334.9	1.0
61	849.61	5868.3745	103.5	1.0
61	960.5	5882.6242	1904.7	1.0
61	985.07	5885.7016	433.9	1.0
61	1008.53	5888.5841	4166.1	1.0
61	1019.62	5889.9531	1109.8	1.0
61	1102.53	5899.8441	114.6	1.0
61	1152.05	5905.5707	149.0	1.0
60	159.55	5860.3103	247.3	1.0
60	179.94	5863.7184	48.3	1.0
60	311.69	5885.7016	205.9	1.0
60	329.53	5888.5841	2130.9	1.0
60	337.91	5889.9531	691.9	1.0
60	347.18	5891.451	176.4	1.0
60	416.99	5902.6021	79.1	1.0
60	426.73	5904.1592	87.2	1.0
60	435.58	5905.5707	177.3	1.0
60	477.33	5912.0853	8490.2	1.0
60	493.94	5914.6709	808.4	1.0
60	521.77	5918.9442	157.5	1.0
60	637.97	5936.3861	159.9	1.0
60	695.19	5944.6472	351.9	1.0
60	837.59	5964.4723	194.4	1.0
60	866.12	5968.3199	284.0	1.0
60	876.47	5969.7373	115.1	1.0
60	890.86	5971.6008	518.0	1.0
60	906.52	5973.6649	2664.7	1.0
60	917.23	5975.0648	811.3	1.0
60	970.47	5981.8846	137.4	1.0
60	1013.4	5987.3016	835.5	1.0
60	1043.33	5991.0071	401.1	1.0
60	1109.64	5998.9987	537.5	1.0
60	1128.25	6001.2033	127.4	1.0
60	1167.39	6005.7242	257.1	1.0
59	209.98	5968.3199	70.8	1.0
59	229.29	5971.6008	120.4	1.0
59	241.4	5973.6649	651.7	1.0
59	249.72	5975.0648	220.1	1.0
59	322.87	5987.3016	460.9	1.0
59	345.32	5991.0071	295.8	1.0
59	394.13	5998.9987	570.1	1.0
59	407.93	6001.2033	178.4	1.0
59	435.97	6005.7242	367.7	1.0
59	444.44	6007.0722	382.8	1.0
59	463.76	6010.1606	384.8	1.0
59	486.09	6013.6777	578.3	1.0
59	533.17	6021.0357	626.2	1.0
59	559.88	6025.15	1326.1	1.0
59	594.61	6030.445	263.6	1.0
59	605.76	6032.1274	19102.0	1.0
59	626.35	6035.1923	138.9	1.0
59	642.89	6037.6975	1349.4	1.0
59	705.46	6046.8977	463.5	1.0
59	720.34	6049.051	730.4	1.0
59	733.64	6050.9818	161.1	1.0
59	745.94	6052.7229	1896.3	1.0
59	792.95	6059.3725	3824.6	1.0
59	808.69	6061.5361	99.7	1.0
59	831.63	6064.7508	315.4	1.0
59	862.74	6069.0207	173.9	1.0
59	892.99	6073.1036	117.0	1.0
59	923.23	6077.1057	150.5	1.0
59	939.31	6079.2227	176.6	1.0
59	954.96	6081.2433	242.0	1.0
59	986.88	6085.3748	165.5	1.0
59	1007.65	6088.0305	370.3	1.0
59	1094.53	6098.8031	1103.5	1.0
58	104.59	6052.7229	90.7	1.0
58	142.06	6059.3725	311.3	1.0
58	220.91	6073.1036	66.3	1.0
58	256.24	6079.2227	74.4	1.0
58	268.12	6081.2433	94.7	1.0
58	307.97	6088.0305	211.6	1.0
58	413.64	6105.6351	1559.7	1.0
58	425.34	6107.5337	122.9	1.0
58	470.89	6114.9234	7652.5	1.0
58	500.77	6119.6998	245.1	1.0
58	523.84	6123.3619	422.8	1.0
58	549.64	6127.416	591.3	1.0
58	622.32	6138.6465	522.2	1.0
58	711.28	6151.9929	938.8	1.0
58	733.64	6155.2385	1381.8	1.0
58	745.74	6157.0878	210.1	1.0
58	775.58	6161.3534	180.4	1.0
58	797.57	6164.4796	1118.7	1.0
58	853.04	6172.2778	7283.1	1.0
58	897.79	6178.4315	291.1	1.0
58	914.83	6180.705	220.5	1.0
58	970.38	6188.1251	413.8	1.0
58	999.33	6191.9053	433.4	1.0
58	1048.72	6198.2227	620.6	1.0
58	1071.56	6201.1002	193.1	1.0
58	1121.42	6207.2201	578.5	1.0
57	84.42	6155.2385	72.6	1.0
57	178.86	6172.2778	980.1	1.0
57	213.76	6178.4315	70.2	1.0
57	268.95	6188.1251	199.3	1.0
57	290.78	6191.9053	227.1	1.0
57	327.57	6198.2227	398.9	1.0
57	344.54	6201.1002	159.4	1.0
57	358.53	6203.4925	1098.0	1.0
57	380.61	6207.2201	606.2	1.0
57	389.43	6208.6869	88.2	1.0
57	432.76	6215.9383	1107.0	1.0
57	457.42	6220.0112	141.6	1.0
57	465.39	6221.3192	101.7	1.0
57	485.1	6224.5272	659.1	1.0
57	496.36	6226.3697	296.4	1.0
57	549.02	6234.8554	342.2	1.0
57	580.03	6239.7121	219.8	1.0
57	587.9	6240.9536	174.7	1.0
57	635.51	6248.4055	472.9	1.0
57	695.02	6257.4237	308.0	1.0
57	721.13	6261.4181	728.1	1.0
57	807.95	6274.1166	329.4	1.0
57	839.37	6278.6453	217.1	1.0
57	1002.62	6300.9165	115.4	1.0
57	1066.09	6309.16	233.3	1.0
57	1118.65	6315.775	144.4	1.0
56	86.73	6265.6036	37.1	1.0
56	258.98	6296.8722	724.6	1.0
56	301.02	6304.2423	73.5	1.0
56	328.88	6309.16	191.9	1.0
56	338.35	6310.8101	152.3	1.0
56	417.75	6324.3978	321.5	1.0
56	434.72	6327.2778	497.2	1.0
56	470.04	6333.1459	278.1	1.0
56	497.0	6337.6201	233.3	1.0
56	509.42	6339.6684	196.0	1.0
56	528.67	6342.8595	1030.1	1.0
56	617.04	6357.0229	281.7	1.0
56	650.37	6362.2518	106.1	1.0
56	667.07	6364.8937	699.7	1.0
56	697.46	6369.5748	1785.7	1.0
56	712.98	6371.9436	413.3	1.0
56	745.85	6376.9305	516.7	1.0
56	816.5	6387.3957	339.2	1.0
56	842.66	6391.1774	108.3	1.0
56	860.92	6393.7972	331.5	1.0
56	898.96	6399.2065	357.4	1.0
56	909.39	6400.6961	175.6	1.0
56	926.2	6403.0128	416.9	1.0
56	991.19	6411.8991	991.2	1.0
56	1003.74	6413.6145	293.8	1.0
56	1039.98	6418.3703	337.0	1.0
56	1074.78	6422.8969	256.0	1.0
56	1143.1	6431.555	440.6	1.0
55	72.7	6376.9305	40.9	1.0
55	113.85	6384.7169	399.4	1.0
55	162.66	6393.7972	63.8	1.0
55	196.03	6399.9498	60.0	1.0
55	261.8	6411.8991	414.5	1.0
55	271.19	6413.6145	155.1	1.0
55	297.9	6418.3703	181.4	1.0
55	323.36	6422.8969	196.8	1.0
55	372.59	6431.555	455.2	1.0
55	432.25	6441.8994	380.8	1.0
55	443.75	6443.8598	346.4	1.0
55	480.09	6450.006	174.4	1.0
55	492.34	6452.0591	103.7	1.0
55	523.3	6457.2824	4028.7	1.0
55	542.54	6460.475	141.0	1.0
55	710.85	6487.4811	170.6	1.0
55	719.98	6488.8832	151.1	1.0
55	732.09	6490.7372	590.9	1.0
55	753.09	6493.9694	588.0	1.0
55	776.12	6497.4919	115.1	1.0
55	787.06	6499.1061	447.3	1.0
55	839.92	6506.9868	225.4	1.0
55	876.92	6512.3639	887.9	1.0
55	887.24	6513.8462	353.6	1.0
55	944.74	6522.0432	238.7	1.0
55	1012.38	6531.3418	1820.1	1.0
55	1036.47	6534.6056	80.9	1.0
54	50.2	6490.7372	37.0	1.0
54	101.99	6500.6575	40.2	1.0
54	163.35	6512.3639	138.7	1.0
54	265.54	6531.3418	821.7	1.0
54	302.57	6538.112	1135.2	1.0
54	392.16	6554.1603	627.7	1.0
54	418.98	6558.8756	195.6	1.0
54	525.45	6577.2146	1114.5	1.0
54	593.01	6588.5396	6186.0	1.0
54	610.89	6591.4845	7254.4	1.0
54	625.84	6593.9391	1539.9	1.0
54	639.27	6596.1141	428.8	1.0
54	655.12	6598.6778	380.9	1.0
54	667.59	6600.7311	153.3	1.0
54	693.66	6604.8534	4824.5	1.0
54	771.44	6617.058	187.6	1.0
54	797.01	6620.9665	317.5	1.0
54	871.0	6632.0837	612.5	1.0
54	913.07	6638.2207	3475.8	1.0
54	923.61	6639.7403	2216.9	1.0
54	971.38	6646.5407	115.3	1.0
54	1046.62	6656.9386	510.7	1.0
54	1059.45	6658.6774	274.3	1.0
54	1074.36	6660.6761	1297.1	1.0
54	1086.26	6662.2686	1538.3	1.0
54	1099.72	6664.051	1577.0	1.0
53	69.43	6617.058	31.5	1.0
53	146.81	6632.0837	95.1	1.0
53	178.84	6638.2207	656.3	1.0
53	186.8	6639.7403	466.8	1.0
53	207.63	6643.6976	1288.4	1.0
53	278.1	6656.9386	298.5	1.0
53	287.5	6658.6774	191.3	1.0
53	298.3	6660.6761	855.0	1.0
53	306.83	6662.2686	1131.0	1.0
53	316.51	6664.051	1121.3	1.0
53	329.1	6666.3588	1847.8	1.0
53	374.86	6674.6969	495.6	1.0
53	428.31	6684.2929	3595.0	1.0
53	583.7	6711.2521	266.7	1.0
53	599.63	6713.97	359.8	1.0
53	631.13	6719.1995	2235.9	1.0
53	653.28	6722.8899	397.6	1.0
53	681.28	6727.4583	1277.6	1.0
53	748.05	6738.18	172.7	1.0
53	1016.36	6778.3123	603.7	1.0
53	1092.69	6788.8403	227.0	1.0
53	1110.83	6791.2351	228.3	1.0
52	112.08	6752.8335	6545.5	1.0
52	182.45	6766.6117	1286.9	1.0
52	243.08	6778.3123	290.8	1.0
52	298.58	6788.8403	208.8	1.0
52	404.63	6808.5311	410.7	1.0
52	494.24	6824.6774	412.4	1.0
52	508.67	6827.2488	1839.8	1.0
52	518.86	6829.0355	840.6	1.0
52	552.48	6834.9246	1695.8	1.0
52	619.94	6846.479	204.2	1.0
52	651.74	6851.8842	865.4	1.0
52	722.04	6863.535	1241.6	1.0
52	791.76	6874.753	1043.7	1.0
52	822.42	6879.5824	3272.5	1.0
52	870.64	6887.0881	2843.9	1.0
52	877.99	6888.1742	5511.3	1.0
52	1034.59	6911.2264	10092.1	1.0
52	1069.61	6916.1289	245.0	1.0
52	1134.8	6925.0094	1352.1	1.0
51	43.02	6871.2891	3307.5	1.0
51	83.87	6879.5824	277.5	1.0
51	243.04	6911.2264	4266.7	1.0
51	314.41	6925.0094	726.1	1.0
51	412.97	6943.6105	1600.7	1.0
51	423.24	6945.4902	396.4	1.0
51	455.63	6951.4776	3803.0	1.0
51	472.89	6954.656	308.0	1.0
51	503.9	6960.25	4710.3	1.0
51	671.77	6989.6553	5985.7	1.0
51	686.85	6992.2126	2680.9	1.0
51	738.38	7000.8036	1384.7	1.0
51	827.7	7015.3172	252.6	1.0
51	848.28	7018.5675	3152.3	1.0
51	890.95	7025.2251	830.5	1.0
51	923.66	7030.2514	59596.1	1.0
51	941.55	7032.931	227.4	1.0
51	963.49	7036.2831	489.5	1.0
51	1028.14	7045.797	276.9	1.0
51	1082.73	7053.6196	166.4	1.0
51	1118.02	7058.4895	202.5	1.0
51	1138.8	7061.3942	996.4	1.0
51	1161.52	7064.4515	444.3	1.0
50	90.34	7018.5675	342.7	1.0
50	177.16	7036.2831	114.8	1.0
50	299.57	7060.6538	690.1	1.0
50	318.97	7064.4515	398.5	1.0
50	360.25	7072.3939	319.8	1.0
50	421.85	7084.169	1706.4	1.0
50	435.32	7086.7044	2275.8	1.0
50	586.25	7114.3984	283.4	1.0
50	650.95	7125.82	14286.2	1.0
50	689.91	7132.61	263.2	1.0
50	747.49	7142.331	386.3	1.0
50	795.15	7150.2844	1596.6	1.0
50	847.84	7158.8387	9356.2	1.0
50	871.06	7162.5569	2293.5	1.0
50	911.2	7168.8952	14844.6	1.0
50	939.93	7173.3725	442.3	1.0
50	1058.6	7191.1328	215.4	1.0
50	1121.07	7200.0454	503.2	1.0
50	1170.95	7206.9804	21726.0	1.0
49	232.03	7191.1328	136.2	1.0
49	275.99	7200.0454	418.5	1.0
49	288.35	7202.5166	429.5	1.0
49	310.75	7206.9804	22952.8	1.0
49	366.7	7218.0542	816.8	1.0
49	428.04	7229.9386	1415.0	1.0
49	491.98	7242.0919	433.9	1.0
49	505.73	7244.6965	511.3	1.0
49	647.74	7270.6636	6478.1	1.0
49	795.9	7296.2659	275.4	1.0
49	916.45	7316.005	14477.0	1.0
49	995.02	7328.285	1009.3	1.0
49	1080.96	7341.1515	493.2	1.0
49	1110.17	7345.3996	683.6	1.0
48	232.92	7341.1515	360.1	1.0
48	253.45	7345.3996	626.8	1.0
48	279.72	7350.814	2034.6	1.0
48	409.18	7376.8772	404.8	1.0
48	427.36	7380.4263	1719.7	1.0
48	491.89	7392.9801	13797.3	1.0
48	540.3	7402.2521	1181.9	1.0
48	594.39	7412.3368	8802.5	1.0
48	628.0	7418.5499	681.6	1.0
48	648.76	7422.3118	2145.8	1.0
48	665.17	7425.2942	8873.0	1.0
48	685.43	7428.9405	2152.3	1.0
48	793.38	7447.8488	553.5	1.0
48	933.57	7471.1641	7053.0	1.0
48	997.66	7481.3545	843.4	1.0
48	1125.75	7500.6556	2672.2	1.0
47	263.62	7503.8691	371585.1	1.0
47	368.1	7525.5079	445.0	1.0
47	396.01	7531.1437	308.7	1.0
47	486.93	7549.3138	1006.2	1.0
47	582.23	7567.7417	2258.8	1.0
47	698.24	7589.3151	3152.0	1.0
47	802.29	7607.823	631.7	1.0
47	863.14	7618.3443	3326.7	1.0
47	906.81	7625.7053	433.0	1.0
47	915.9	7627.1749	1099.7	1.0
47	926.17	7628.8818	5845.8	1.0
47	1073.28	7652.3202	337.9	1.0
47	1112.95	7658.3246	434.9	1.0
46	471.23	7710.2692	640.8	1.0
46	635.74	7742.5628	445.6	1.0
46	642.97	7743.9552	372.8	1.0
46	795.06	7771.9468	491.1	1.0
46	892.18	7788.9342	1122.0	1.0
46	1046.01	7814.323	1382.9	1.0
46	1067.81	7817.7669	1554.6	1.0
46	1097.44	7822.3877	175.1	1.0
45	283.56	7841.7911	484.0	1.0
45	377.11	7861.91	2351.6	1.0
45	396.29	7865.9698	430.4	1.0
45	406.86	7868.1946	4872.8	1.0
45	493.99	7886.283	878.6	1.0
45	779.12	7941.7259	634.5	1.0
45	814.48	7948.1764	363406.9	1.0
45	850.41	7954.5923	543.8	1.0
45	863.68	7956.974	1011.4	1.0
45	1046.04	7987.9731	310.8	1.0
45	1161.56	8006.1567	363385.8	1.0
44	221.81	8006.1567	354698.0	1.0
44	339.69	8032.4313	1175.6	1.0
44	361.4	8037.2183	3223.1	1.0
44	402.58	8046.1169	4207.8	1.0
44	589.79	8085.219	553.4	1.0
44	682.55	8103.6931	356421.9	1.0
44	763.04	8119.1811	6277.9	1.0
44	867.35	8138.4753	778.0	1.0
44	988.22	8159.7277	799.9	1.0
44	1047.88	8169.7865	394.7	1.0
43	490.71	8252.3936	1162.4	1.0
43	601.19	8275.6266	573.1	1.0
43	830.6	8320.8554	939.4	1.0
43	882.24	8330.4494	1733.5	1.0
42	367.11	8421.2254	854.1	1.0
42	382.0	8424.6475	329265.0	1.0
42	479.76	8446.5116	612.2	1.0
42	628.4	8478.358	738.7	1.0
42	843.58	8521.4422	265660.4	1.0
42	954.07	8542.0871	209.9	1.0
42	1026.14	8554.944	166.8	1.0
42	1132.63	8573.1205	224.9	1.0
41	278.79	8605.7762	1434.2	1.0
41	340.66	8620.4602	1229.2	1.0
41	996.67	8758.2434	223.0	1.0
41	1015.72	8761.6862	2365.8	1.0
41	1072.91	8771.8602	642.9	1.0
41	1135.63	8782.7156	141.4	1.0
41	1146.58	8784.5621	288.2	1.0
40	479.8	8868.8334	308.9	1.0
40	644.02	8905.6581	504.4	1.0
40	815.04	8941.6608	216.5	1.0
40	917.97	8962.1468	617.4	1.0
39	73.21	8995.1893	148.1	1.0
39	217.8	9031.8194	158.7	1.0
39	283.18	9048.2501	1091.5	1.0
39	346.26	9063.96	197.9	1.0
39	392.98	9075.3945	1836.2	1.0
39	931.71	9194.6385	18509.3	1.0
39	979.23	9203.9617	1399.9	1.0
38	683.1	9383.2722	336.3	1.0
38	907.38	9431.5996	268.2	1.0
38	1055.78	9461.0279	317.1	1.0
38	1129.97	9474.8793	468.5	1.0
37	664.91	9632.6439	298.7	1.0
85	143.01	4134.3235	32.5	1.0
85	192.06	4140.235	16.5	1.0
85	263.41	4148.7269	14.1	1.0
85	348.66	4158.5905	257.9	1.0
85	397.44	4164.1795	60.8	1.0
85	431.54	4168.0464	29.9	1.0
85	556.95	4181.8836	177.4	1.0
85	606.53	4187.141	28.7	1.0
85	841.33	4210.9232	57.5	1.0
85	881.54	4214.8285	25.5	1.0
85	923.22	4218.6649	42.0	1.0
85	966.26	4222.6373	40.5	1.0
85	1014.96	4226.9876	49.9	1.0
85	1028.38	4228.158	96.0	1.0
85	1047.86	4229.8644	24.7	1.0
85	1134.37	4237.2198	68.8	1.0
84	202.54	4190.7129	18.4	1.0
84	514.36	4226.9876	69.8	1.0
84	524.94	4228.158	137.0	1.0
84	591.94	4235.4636	57.3	1.0
84	665.26	4243.2611	32.2	1.0
84	710.56	4247.9886	23.2	1.0
84	733.54	4250.3146	89.7	1.0
84	742.09	4251.1846	156.3	1.0
84	805.0	4257.4963	101.8	1.0
84	958.61	4272.1689	1571.5	1.0
84	978.64	4274.0246	31.1	1.0
84	991.37	4275.1596	68.4	1.0
84	1069.12	4282.0413	46.1	1.0
85	955.48	4221.6921	22.2	1.0
38	1106.82	9470.6819	265.6	1.0
48	750.52	7440.4933	564.7	1.0
49	124.11	7168.8952	2303.5	1.0
53	719.89	6733.7488	234.6	1.0
57	135.15	6164.4796	105.4	1.0
57	226.44	6180.705	80.7	1.0
57	1129.82	6317.1824	88.6	1.0
65	84.65	5397.516	26.0	1.0
67	742.93	5329.7559	510.3	1.0
74	150.29	4749.9713	16.5	1.0
76	26.52	4607.9347	19.7	1.0
76	379.97	4655.2126	39.6	1.0
77	1168.27	4680.2377	58.4	1.0
78	1159.47	4619.4794	47.0	1.0
80	131.21	4391.1105	17.9	1.0
81	119.07	4335.3379	66.3	1.0
80	43.66	4379.6668	155.1	0.0
80	15.3	4375.9542	80.9	0.0
84	1078.9	4282.8976	81.1	0.0
81	86.99	4331.1995	122.0	0.0
79	6.45	4430.189	105.1	0.0
77	4.56	4545.0519	658.5	0.0
69	432.22	5134.746	209.5	0.0
69	124.75	5090.5455	133.1	0.0
67	51.54	5231.1597	95.8	0.0
62	36.65	5650.7043	82.3	0.0
58	51.39	6043.2233	176.6	0.0
49	20.43	7147.0416	11176.0	0.0
48	93.37	7311.7159	3219.4	0.0
48	113.43	7316.005	2578.1	0.0
47	171.76	7484.3267	3706.8	0.0
47	248.52	7500.6556	2066.7	0.0
47	157.92	7481.3545	292.4	1.0
46	173.15	7647.3794	826.7	0.0
45	175.05	7817.7669	762.5	0.0
45	377.11	7861.911	2351.6	1.0
36	373.08	9826.449	264.3	1
36	549.98	9871.995	175.9	1
