46	139.71	7372.1184	637.5	0
46	354.52	7385.5006	118.7	0
47	1801.16	7311.7159	196.8	0
47	975.68	7265.1724	98.1	0
47	22.5	7208.0063	139.3	0
48	203.38	7068.7358	1171.4	0
48	1571.34	7147.0416	8702.3	0
49	429.33	6937.6643	1530.4	0
49	1355.91	6989.6553	2170.4	0
49	2122.79	7030.2514	1994.8	0
50	1077.11	6834.9246	1097.8	0
50	1762.24	6871.2891	5281.3	0
50	295.02	6791.2351	140.2	0
51	369.77	6662.2686	2014.0	0
51	2083.41	6752.8335	5401.4	0
52	319.07	6531.3418	2653.6	0
52	1393.47	6588.5396	6491.5	0
53	389.21	6411.8991	2178.9	0
53	1254.8	6457.2824	10616.1	0
54	664.82	6307.657	969.7	0
54	1357.08	6342.8595	3826.5	0
55	463.96	6182.6217	10760.0	0
55	2066.83	6261.4181	1467.0	0
56	215.25	6059.3725	960.1	0
56	2116.43	6151.9929	1675.2	0
57	623.48	5973.6649	7266.6	0
57	1850.05	6032.1274	6904.7	0
58	413.47	5860.3108	790.8	0
58	1862.95	5928.813	1132.8	0
59	404.8	5760.5508	18206.3	0
59	1323.67	5804.1411	9353.4	0
60	666.54	5677.0529	685.6	0
60	1725.4	5725.3885	1783.7	0
61	731.54	5587.0268	7884.6	0
61	1913.79	5639.7461	1010.8	0
62	1128.66	5514.8731	1267.8	0
62	1896.65	5548.1758	1290.6	0
63	904.96	5417.4858	4093.7	0
63	230.26	5386.6107	713.5	0
63	1705.49	5452.2187	1018.4	0
64	771.72	5326.9756	1483.1	0
64	1150.31	5343.5811	4549.8	0
65	458.89	5231.1597	4352.6	0
65	1274.6	5266.7108	1761.1	0
66	611.27	5158.6041	4752.6	0
66	1867.46	5211.2305	1402.9	0
67	299.78	5067.9737	2221.9	0
67	1406.47	5115.0448	2399.1	0
68	1678.72	5050.7842	581.6	0
69	584.75	4933.2091	1538.4	0
69	1537.85	4972.1597	683.2	0
70	232.91	4847.8095	1876.9	0
70	1377.99	4894.9551	4471.5	0
71	872.59	4806.0205	12874.6	0
71	1761.31	4840.8492	1454.8	0
72	565.45	4726.8683	9109.4	0
72	1883.6	4778.294	1323.9	0
73	461.92	4657.9011	8310.3	0
73	1641.26	4703.9898	2871.4	0
74	337.88	4589.8978	4587.9	0
74	2118.98	4657.9012	3296.3	0
75	749.88	4545.0519	15323.5	0
75	1656.9	4579.3495	5354.6	0
76	660.97	4481.8107	4518.6	0
76	1424.4	4510.7331	3239.9	0
77	722.99	4426.0011	6630.1	0
77	1583.18	4458.0015	429.0	0
78	178.57	4348.064	1213.4	0
78	2303.33	4426.0011	439.2	0
79	1577.23	4345.168	597.2	0
80	1050.8	4272.1689	2753.6	0
80	1198.63	4277.5283	11741.3	0
81	540.93	4200.6745	2179.9	0
81	1551.1	4237.2198	1029.5	0
82	788.67	4158.5905	3280.0	0
82	1441.67	4181.8836	715.3	0
83	906.34	4112.7545	441.5	0
83	2247.8	4158.5905	239.9	0
84	604.46	4052.9208	299.3	0
84	2081.16	4103.9121	209.7	0
85	844.43	4013.8566	92.5	0
85	1733.13	4044.4179	201.8	0
85	118.42	3987.2061	0.9	1
85	205.88	3990.4922	2.4	1
85	280.95	3993.2989	1.4	1
85	320.93	3994.7918	24.2	1
85	371.6	3996.6687	2.4	1
85	404.52	3997.8654	1.7	1
85	433.36	3998.9526	2.5	1
85	469.27	4000.2811	2.7	1
85	490.41	4001.0581	7.0	1
85	513.04	4001.8935	6.0	1
85	551.9	4003.3086	3.8	1
85	600.94	4005.0928	9.9	1
85	624.21	4005.9615	2.6	1
85	653.98	4007.0188	4.7	1
85	686.89	4008.2102	27.6	1
85	709.99	4009.0112	17.0	1
85	784.21	4011.7398	15.1	1
85	806.2	4012.4952	62.6	1
85	868.48	4014.7164	10.9	1
85	964.29	4018.099	12.7	1
85	993.31	4019.1289	186.4	1
85	1028.28	4020.3541	10.0	1
85	1050.88	4021.1498	4.2	1
85	1077.54	4022.0674	28.4	1
85	1113.46	4023.3378	8.9	1
85	1155.57	4024.8025	25.5	1
85	1179.85	4025.6556	8.0	1
85	1219.21	4027.0091	41.7	1
85	1300.2	4029.8256	17.9	1
85	1314.6	4030.2925	17.3	1
85	1330.29	4030.8424	214.6	1
85	1449.65	4034.9218	6.1	1
85	1466.16	4035.46	77.9	1
85	1483.47	4036.0479	320.8	1
85	1498.74	4036.5652	27.5	1
85	1528.39	4037.5614	5.8	1
85	1548.28	4038.2287	8.9	1
85	1565.18	4038.8043	16.4	1
85	1596.65	4039.8648	7.3	1
85	1627.59	4040.9155	4.7	1
85	1637.02	4041.2036	8.6	1
85	1687.35	4042.8937	321.3	1
85	1702.34	4043.3948	47.7	1
85	1779.7	4045.9654	18.6	1
85	1825.97	4047.4815	4.3	1
85	1851.43	4048.2876	6.3	1
85	1887.82	4049.5361	2.8	1
85	1900.62	4049.9447	7.7	1
85	1992.15	4052.9208	149.3	1
85	2011.28	4053.5277	10.3	1
85	2041.64	4054.5258	3.8	1
85	2147.03	4057.9412	1.5	1
85	2187.54	4059.2529	3.9	1
85	2345.95	4064.3315	0.9	1
46	215.74	7376.8772	14.6	1
46	272.92	7380.4263	17.6	1
46	330.04	7383.9805	23573.7	1
46	476.29	7392.9801	98.4	1
46	628.13	7402.2521	20.9	1
46	773.27	7410.9683	5.1	1
46	795.38	7412.3368	64.0	1
46	886.68	7417.7908	10.1	1
46	899.39	7418.5499	20.2	1
46	962.59	7422.3118	16.9	1
46	1013.3	7425.2942	61.2	1
46	1075.29	7428.9405	83.8	1
46	1097.64	7430.2533	36.9	1
46	1185.06	7435.3683	170.3	1
46	1201.07	7436.297	59.8	1
46	1272.5	7440.4933	5.0	1
46	1346.9	7444.7489	13.8	1
46	1401.1	7447.8488	11.2	1
46	1528.68	7455.208	5.2	1
46	1666.33	7462.991	2.9	1
46	1811.92	7471.1641	59.5	1
46	1995.28	7481.3545	23.7	1
46	2036.55	7483.6256	11.5	1
46	2049.26	7484.3267	47.1	1
46	2115.14	7487.9738	4.4	1
47	98.25	7212.6896	31.7	1
47	185.3	7218.0542	69.3	1
47	203.27	7219.1515	27.7	1
47	232.98	7220.9809	6.7	1
47	301.3	7225.1099	7.0	1
47	380.5	7229.938	15.1	1
47	395.98	7230.8623	9.9	1
47	440.25	7233.5365	15.2	1
47	551.27	7240.1848	5.8	1
47	583.29	7242.0919	22.3	1
47	626.83	7244.6965	26.9	1
47	650.86	7246.1277	10.9	1
47	807.34	7255.3541	13.9	1
47	834.56	7256.986	13.3	1
47	855.46	7258.177	16.0	1
47	1070.53	7270.6636	70.5	1
47	1110.14	7272.9359	8882.5	1
47	1319.9	7284.9033	76.3	1
47	1521.54	7296.2659	7.2	1
47	1555.51	7298.1434	6.2	1
47	1686.35	7305.4043	6.0	1
47	1862.31	7315.0661	6.6	1
47	1879.62	7316.005	111.4	1
47	2012.82	7323.2106	2.4	1
47	2042.2	7324.8073	8.3	1
47	2066.73	7326.1491	5.1	1
47	2106.45	7328.285	32.8	1
47	2242.25	7335.5772	2.2	1
47	2318.21	7339.6035	2.3	1
47	2347.7	7341.1515	11.0	1
48	33.51	7058.4895	20.9	1
48	59.64	7060.0417	53.5	1
48	69.42	7060.6538	126.6	1
48	81.51	7061.3942	16.1	1
48	132.2	7064.4515	52.2	1
48	178.01	7067.2181	46494.0	1
48	242.48	7071.0942	17.5	1
48	264.38	7072.3939	40.5	1
48	294.88	7074.2563	9.5	1
48	313.55	7075.3336	41.4	1
48	347.97	7077.369	8.6	1
48	462.76	7084.169	432.7	1
48	505.91	7086.7044	80.1	1
48	550.7	7089.3395	32.1	1
48	742.84	7100.5144	20.3	1
48	863.78	7107.4778	388.9	1
48	893.84	7109.1819	28.7	1
48	905.13	7109.8602	32.0	1
48	958.66	7112.9189	16.5	1
48	985.1	7114.3984	27.6	1
48	1165.09	7124.5607	451.9	1
48	1187.59	7125.82	353.6	1
48	1266.01	7130.1846	21.7	1
48	1275.29	7130.7236	19.4	1
48	1286.74	7131.3586	19.5	1
48	1309.32	7132.61	18.9	1
48	1485.17	7142.331	33.7	1
48	1599.01	7148.5589	62.7	1
48	1630.83	7150.2844	157.5	1
48	1691.97	7153.5877	19.6	1
48	1753.7	7156.9416	37.2	1
48	1789.39	7158.8387	223.1	1
48	1809.51	7159.947	30.7	1
48	1858.49	7162.5569	36.7	1
48	1945.27	7167.2028	12.6	1
48	1977.33	7168.8952	919.5	1
48	2004.23	7170.3607	15.1	1
48	2061.84	7173.3725	30.8	1
48	2115.34	7176.186	5.9	1
48	2125.12	7176.7213	7.8	1
48	2351.65	7188.532	2.5	1
49	62.84	6916.1289	59.7	1
49	128.57	6920.0394	14.5	1
49	212.38	6925.0094	57.0	1
49	411.89	6936.6528	34.8	1
49	429.33	6937.6642	1530.4	1
49	513.75	6942.538	46.8	1
49	532.29	6943.6105	808.7	1
49	564.83	6945.4902	108.6	1
49	669.68	6951.4776	246.2	1
49	725.65	6954.656	53.3	1
49	824.52	6960.25	297.3	1
49	861.15	6962.3117	32.4	1
49	916.54	6965.4307	65393.4	1
49	1199.16	6981.0831	17.6	1
49	1288.86	6986.0298	19.1	1
49	1403.1	6992.2126	117.4	1
49	1418.25	6993.0371	64.2	1
49	1541.33	6999.6238	11.6	1
49	1562.65	7000.8036	418.2	1
49	1601.72	7002.8829	50.1	1
49	1680.74	7007.0961	11.0	1
49	1836.21	7015.3172	20.4	1
49	1898.15	7018.5675	552.4	1
49	1934.98	7020.4841	8.8	1
49	1949.87	7021.2832	15.2	1
49	2025.71	7025.2251	22.9	1
49	2049.59	7026.4616	9.5	1
49	2079.63	7028.0228	8.2	1
49	2175.15	7032.931	9.3	1
49	2239.92	7036.2831	34.9	1
50	71.79	6778.3123	248.1	1
50	234.34	6787.7364	74.4	1
50	253.45	6788.8403	127.9	1
50	374.3	6795.7982	14.4	1
50	422.08	6798.4868	30.6	1
50	577.06	6807.319	16.7	1
50	599.44	6808.5311	74.5	1
50	613.33	6809.3173	55.4	1
50	635.4	6810.5494	27.7	1
50	675.33	6812.7752	27.2	1
50	725.87	6815.6123	15.5	1
50	868.46	6823.5084	67.6	1
50	889.7	6824.6774	267.9	1
50	936.56	6827.2488	182.3	1
50	969.13	6829.0355	489.8	1
50	1039.68	6832.8927	21.2	1
50	1157.92	6839.2949	17.2	1
50	1291.57	6846.479	44.8	1
50	1392.85	6851.8842	76.3	1
50	1434.48	6854.1093	112.7	1
50	1457.33	6855.315	38.2	1
50	1570.23	6861.2688	578.0	1
50	1601.28	6862.8685	16.4	1
50	1613.37	6863.535	132.4	1
50	1667.2	6866.3666	102.9	1
50	1675.16	6866.7634	98.0	1
50	1707.66	6868.4508	93.7	1
50	1829.2	6874.753	285.9	1
50	1923.05	6879.5824	203.0	1
50	1986.0	6882.8114	39.7	1
50	2057.42	6886.4082	117.0	1
50	2070.03	6887.0881	141.9	1
50	2091.43	6888.1742	277.5	1
50	2113.6	6889.3032	54.9	1
50	2171.9	6892.2502	11.6	1
50	2342.1	6900.7632	17.6	1
50	2370.47	6902.2105	11.4	1
51	42.53	6643.6976	735.7	1
51	59.48	6644.6635	181.0	1
51	92.1	6646.5407	39.7	1
51	126.21	6648.4954	32.2	1
51	134.4	6648.9586	37.1	1
51	229.64	6654.3675	38.4	1
51	249.57	6655.4892	15.7	1
51	275.19	6656.9386	63.7	1
51	305.93	6658.6774	259.4	1
51	341.52	6660.6761	223.9	1
51	401.58	6664.051	298.4	1
51	442.9	6666.3588	686.5	1
51	487.07	6668.8163	78.7	1
51	572.93	6673.5797	66.8	1
51	593.13	6674.6969	503.2	1
51	640.0	6677.2817	5820.7	1
51	665.93	6678.7067	235.5	1
51	690.74	6680.0811	30.1	1
51	751.05	6683.3673	223.9	1
51	768.03	6684.2929	1162.3	1
51	827.92	6687.5207	135.7	1
51	923.63	6692.7262	63.2	1
51	947.37	6694.0068	54.1	1
51	956.49	6694.4967	51.5	1
51	987.3	6696.14	119.2	1
51	1016.42	6697.7123	176.5	1
51	1073.02	6700.7499	29.2	1
51	1271.38	6711.2521	143.3	1
51	1323.1	6713.97	258.8	1
51	1423.38	6719.1995	426.4	1
51	1494.21	6722.8899	42.2	1
51	1560.36	6726.3091	16.9	1
51	1582.59	6727.4583	824.7	1
51	1595.44	6728.1183	89.3	1
51	1607.51	6728.7595	62.7	1
51	1630.64	6729.9328	23.6	1
51	1683.73	6732.6491	38.7	1
51	1705.22	6733.7488	95.8	1
51	1792.15	6738.18	66.1	1
51	1865.83	6741.9212	14.0	1
51	1885.16	6742.8845	56.6	1
51	1949.5	6746.1355	9.2	1
51	2055.24	6751.4267	17.2	1
51	2099.89	6753.6598	44.0	1
51	2156.3	6756.4528	1034.0	1
51	2169.3	6757.1092	33.1	1
51	2191.36	6758.2035	30.7	1
51	2362.3	6766.6117	136.1	1
52	151.9	6522.0432	148.2	1
52	377.42	6534.6056	34.8	1
52	405.53	6536.1441	33.3	1
52	441.68	6538.112	524.3	1
52	513.51	6542.0498	38.3	1
52	581.57	6545.7186	62.4	1
52	663.97	6550.1877	64.5	1
52	692.05	6551.7055	151.2	1
52	737.91	6554.1603	1266.2	1
52	826.15	6558.8756	230.5	1
52	848.01	6560.0574	70.3	1
52	930.78	6564.4445	146.2	1
52	942.97	6565.07	84.7	1
52	1029.39	6569.6322	98.6	1
52	1153.34	6576.1221	100.6	1
52	1174.24	6577.2146	1454.6	1
52	1232.08	6580.2299	79.4	1
52	1303.37	6583.906	7500.8	1
52	1338.26	6585.6945	68.6	1
52	1451.02	6591.4845	5412.0	1
52	1489.88	6593.4628	162.7	1
52	1499.2	6593.9391	2221.8	1
52	1541.88	6596.1141	74.2	1
52	1608.58	6599.4824	90.8	1
52	1634.02	6600.7311	32.3	1
52	1673.72	6602.762	34.8	1
52	1691.24	6603.6209	40.3	1
52	1715.33	6604.8534	768.2	1
52	1726.4	6605.4165	226.7	1
52	1886.42	6613.374	181.9	1
52	1960.93	6617.058	54.0	1
52	1970.13	6617.5154	59.8	1
52	1983.11	6618.1668	105.2	1
52	2019.3	6619.9458	198.7	1
52	2039.99	6620.9665	55.8	1
52	2268.14	6632.0837	34.8	1
53	33.14	6392.3685	22.0	1
53	75.34	6394.7289	47.3	1
53	156.5	6399.2065	116.3	1
53	170.18	6399.9498	55.4	1
53	183.56	6400.6961	101.7	1
53	225.79	6403.0128	122.5	1
53	288.57	6406.4462	704.8	1
53	420.92	6413.6145	529.1	1
53	456.31	6415.5374	120.9	1
53	470.95	6416.3071	4555.2	1
53	509.51	6418.3703	162.0	1
53	579.12	6422.1075	140.2	1
53	594.17	6422.8969	147.8	1
53	629.77	6424.8127	83.6	1
53	704.61	6428.7733	79.0	1
53	757.61	6431.555	212.1	1
53	855.07	6436.6699	45.8	1
53	875.27	6437.7613	341.9	1
53	886.66	6438.3095	52.9	1
53	900.67	6439.0715	813.1	1
53	955.52	6441.8994	191.2	1
53	993.25	6443.8598	201.5	1
53	1027.72	6445.6407	40.1	1
53	1049.55	6446.7712	182.6	1
53	1111.97	6450.006	239.5	1
53	1130.82	6450.9557	83.3	1
53	1152.48	6452.0591	40.6	1
53	1215.18	6455.2647	38.9	1
53	1317.78	6460.475	58.3	1
53	1329.19	6461.0596	35.2	1
53	1531.25	6471.2131	81.9	1
53	1771.3	6483.0825	955.4	1
53	1818.26	6485.3759	23.2	1
53	1861.17	6487.4811	67.1	1
53	1889.76	6488.8832	73.2	1
53	1928.06	6490.7372	765.1	1
53	1978.8	6493.1975	222.9	1
53	1991.25	6493.7777	181.7	1
53	2021.58	6495.2573	28.8	1
53	2067.66	6497.4919	32.4	1
53	2101.45	6499.1061	56.1	1
53	2132.95	6500.6575	37.6	1
53	2149.15	6501.3608	29.6	1
53	2161.46	6501.9919	96.2	1
53	2193.24	6503.5111	32.5	1
53	2266.14	6506.9868	79.9	1
53	2309.68	6509.0503	76.8	1
53	2379.75	6512.3639	156.0	1
54	35.71	6274.1166	327.4	1
54	73.42	6276.1646	122.6	1
54	92.86	6277.2385	78.3	1
54	128.41	6279.166	92.0	1
54	143.51	6279.9776	46.1	1
54	242.07	6285.278	87.3	1
54	255.77	6286.0453	46.5	1
54	278.68	6287.2554	97.2	1
54	320.29	6289.4882	71.7	1
54	352.33	6291.1915	258.3	1
54	368.05	6292.0601	115.8	1
54	390.77	6293.2424	289.6	1
54	459.36	6296.8722	607.4	1
54	498.46	6298.9027	77.4	1
54	536.07	6300.9165	237.7	1
54	545.22	6301.4128	80.9	1
54	580.59	6303.2507	236.2	1
54	599.46	6304.2423	72.1	1
54	693.66	6309.16	118.5	1
54	725.27	6310.8101	320.6	1
54	760.53	6312.6222	76.1	1
54	821.42	6315.775	301.0	1
54	848.8	6317.1824	157.4	1
54	928.71	6321.3004	99.1	1
54	938.94	6321.8199	106.6	1
54	990.14	6324.3978	246.0	1
54	1028.54	6326.3669	659.7	1
54	1046.51	6327.2778	2257.0	1
54	1128.25	6331.4137	149.0	1
54	1149.76	6332.5118	132.2	1
54	1163.4	6333.1459	172.2	1
54	1207.87	6335.406	56.5	1
54	1251.93	6337.6201	434.7	1
54	1292.94	6339.6684	312.0	1
54	1422.94	6346.1209	149.4	1
54	1465.72	6348.2321	132.7	1
54	1475.93	6348.7375	687.2	1
54	1622.51	6355.9108	508.5	1
54	1645.41	6357.0229	106.1	1
54	1658.79	6357.6779	73.0	1
54	1678.24	6358.6211	57.0	1
54	1688.68	6359.1345	41.5	1
54	1700.05	6359.6744	86.4	1
54	1753.25	6362.2518	60.2	1
54	1807.98	6364.8937	192.3	1
54	1896.19	6369.1394	163.6	1
54	1905.6	6369.5748	423.3	1
54	1955.32	6371.9436	561.8	1
54	2060.14	6376.9305	916.4	1
54	2118.27	6379.6733	56.6	1
54	2154.03	6381.3598	29.1	1
54	2225.53	6384.7169	647.2	1
54	2282.86	6387.3957	157.3	1
54	2313.2	6388.8134	36.1	1
54	2325.69	6389.39	22.5	1
54	2341.49	6390.1289	10.6	1
54	2363.72	6391.1774	9.8	1
54	2390.04	6392.3685	6.5	1
55	60.77	6161.3534	193.9	1
55	76.19	6162.17	318.0	1
55	91.06	6162.9699	33.8	1
55	119.46	6164.4796	1082.2	1
55	132.08	6165.1232	62.6	1
55	219.97	6169.8221	3590.5	1
55	266.48	6172.2778	3056.7	1
55	282.0	6173.0964	628.0	1
55	383.62	6178.4315	574.1	1
55	427.16	6180.705	500.5	1
55	550.93	6187.135	104.1	1
55	570.21	6188.1251	1596.4	1
55	589.83	6189.1449	104.6	1
55	643.44	6191.9053	1823.6	1
55	681.71	6193.8563	141.3	1
55	767.35	6198.2227	2629.4	1
55	811.05	6200.4325	135.8	1
55	824.06	6201.1002	167.0	1
55	871.32	6203.4925	5891.2	1
55	918.36	6205.8599	193.1	1
55	945.35	6207.2201	3597.7	1
55	956.03	6207.7504	68.5	1
55	974.65	6208.6869	204.2	1
55	1119.96	6215.9383	643.6	1
55	1202.28	6220.0112	460.1	1
55	1228.87	6221.3192	260.0	1
55	1294.14	6224.5272	2412.4	1
55	1331.76	6226.3697	732.7	1
55	1467.4	6232.9745	118.3	1
55	1492.9	6234.1962	63.6	1
55	1506.42	6234.8554	952.9	1
55	1607.32	6239.7121	111.3	1
55	1633.18	6240.9536	318.7	1
55	1678.6	6243.1201	808.7	1
55	1718.99	6245.0409	58.2	1
55	1730.76	6245.6182	59.3	1
55	1742.73	6246.1736	74.4	1
55	1789.64	6248.4055	210.1	1
55	1833.39	6250.4858	126.8	1
55	1981.23	6257.4237	485.1	1
55	2006.5	6258.6068	126.7	1
55	2137.86	6264.7139	28.0	1
55	2212.94	6268.2001	44.6	1
55	2286.04	6271.5444	115.0	1
55	2342.32	6274.1166	152.1	1
55	2387.26	6276.1646	34.4	1
56	18.53	6049.051	677.9	1
56	55.13	6050.9818	99.2	1
56	88.2	6052.7229	369.0	1
56	100.68	6053.3808	307.9	1
56	142.89	6055.5937	65.0	1
56	191.98	6058.1813	34.0	1
56	256.8	6061.5361	77.8	1
56	318.9	6064.7508	73.6	1
56	338.45	6065.7799	103.8	1
56	363.78	6067.0803	44.1	1
56	401.64	6069.0207	250.4	1
56	427.24	6070.3412	53.4	1
56	481.31	6073.1036	237.4	1
56	559.9	6077.1057	365.3	1
56	575.02	6077.8728	496.8	1
56	585.81	6078.4212	370.0	1
56	601.66	6079.2227	588.5	1
56	641.87	6081.2433	104.2	1
56	723.48	6085.3748	656.4	1
56	734.11	6085.8797	89.5	1
56	761.34	6087.2622	206.4	1
56	776.68	6088.0305	1598.4	1
56	960.89	6097.1945	75.7	1
56	979.89	6098.1205	231.4	1
56	993.86	6098.8031	894.6	1
56	1017.56	6099.9886	73.8	1
56	1053.23	6101.7251	682.2	1
56	1133.19	6105.6351	1099.3	1
56	1172.17	6107.5337	491.6	1
56	1281.61	6112.8375	553.6	1
56	1294.68	6113.4657	133.1	1
56	1324.94	6114.9234	7259.7	1
56	1350.76	6116.1661	229.1	1
56	1424.29	6119.6998	272.8	1
56	1442.45	6120.5564	222.8	1
56	1477.26	6122.2144	591.5	1
56	1501.32	6123.3619	305.7	1
56	1511.31	6123.8331	245.7	1
56	1524.92	6124.4805	695.4	1
56	1551.46	6125.7396	67.1	1
56	1587.31	6127.416	315.2	1
56	1811.49	6137.926	83.2	1
56	1826.62	6138.6465	341.6	1
56	1957.95	6144.7581	53.9	1
56	1973.43	6145.4411	632.1	1
56	2087.77	6150.683	110.1	1
56	2161.98	6154.0682	259.1	1
56	2171.66	6154.5162	128.3	1
56	2187.82	6155.2385	214.7	1
56	2195.03	6155.581	310.4	1
56	2228.38	6157.0878	155.3	1
56	2322.88	6161.3534	97.2	1
56	2341.22	6162.17	140.3	1
56	2359.14	6162.9699	10.4	1
56	2392.61	6164.4796	265.8	1
57	29.84	5943.4653	39.4	1
57	52.85	5944.6472	380.7	1
57	82.85	5946.2347	34.4	1
57	132.72	5948.7991	90.0	1
57	264.37	5955.5616	125.5	1
57	278.14	5956.2588	75.2	1
57	367.02	5960.7806	94.8	1
57	439.95	5964.4723	75.9	1
57	516.38	5968.3199	84.7	1
57	544.75	5969.7373	202.9	1
57	582.16	5971.6008	185.0	1
57	598.62	5972.4351	52.3	1
57	651.67	5975.0648	2548.2	1
57	793.08	5982.096	136.6	1
57	879.11	5986.2665	118.6	1
57	900.27	5987.3016	538.6	1
57	936.03	5989.0447	1799.4	1
57	976.43	5991.0071	2163.5	1
57	1027.52	5993.4941	110.1	1
57	1040.89	5994.1287	6255.5	1
57	1092.74	5996.6297	235.1	1
57	1142.09	5998.9987	487.7	1
57	1188.1	6001.2033	767.4	1
57	1199.29	6001.7339	172.7	1
57	1271.24	6005.165	805.2	1
57	1283.39	6005.7242	251.7	1
57	1311.42	6007.0722	1797.1	1
57	1376.74	6010.1606	1312.8	1
57	1405.44	6011.5337	206.3	1
57	1451.38	6013.6777	303.3	1
57	1488.65	6015.4218	226.3	1
57	1509.13	6016.3589	76.3	1
57	1564.99	6018.9934	77.1	1
57	1593.3	6020.2715	49.7	1
57	1609.08	6021.0357	1939.8	1
57	1698.07	6025.15	480.5	1
57	1765.26	6028.2713	77.7	1
57	1786.7	6029.2257	94.8	1
57	1795.87	6029.65	88.4	1
57	1813.22	6030.445	483.1	1
57	1866.35	6032.8726	168.2	1
57	1917.28	6035.1923	209.7	1
57	1951.66	6036.7622	49.9	1
57	1972.45	6037.6975	2235.8	1
57	1994.16	6038.6805	362.2	1
57	2080.87	6042.5898	106.6	1
57	2094.91	6043.2233	1880.9	1
57	2122.09	6044.4327	225.2	1
57	2176.82	6046.8977	97.3	1
57	2225.13	6049.051	657.3	1
57	2268.62	6050.9818	68.6	1
57	2307.78	6052.7229	200.5	1
57	2322.68	6053.3808	148.3	1
57	2372.65	6055.5937	17.8	1
58	23.71	5840.6404	102.1	1
58	85.69	5843.8069	104.7	1
58	105.2	5844.7909	21.7	1
58	127.25	5845.9188	110.9	1
58	276.71	5853.4745	361.1	1
58	289.6	5854.1207	415.7	1
58	316.83	5855.4986	40.4	1
58	356.1	5857.4491	121.6	1
58	413.47	5860.3103	790.8	1
58	482.09	5863.7184	499.8	1
58	544.5	5866.8119	126.9	1
58	576.5	5868.3745	140.1	1
58	606.82	5869.8507	260.2	1
58	620.66	5870.5526	152.7	1
58	633.77	5871.1828	289.1	1
58	662.9	5872.6028	88.3	1
58	692.24	5874.0383	85.3	1
58	711.64	5874.9865	85.9	1
58	796.08	5879.1265	78.7	1
58	869.45	5882.6242	1090.9	1
58	933.48	5885.7016	1890.9	1
58	950.79	5886.5314	272.4	1
58	993.84	5888.5841	2498.4	1
58	1022.53	5889.9531	644.8	1
58	1054.02	5891.451	1329.8	1
58	1122.34	5894.6979	141.4	1
58	1134.76	5895.2818	248.3	1
58	1157.77	5896.3631	123.1	1
58	1231.81	5899.8441	449.4	1
58	1290.51	5902.6021	159.8	1
58	1323.89	5904.1592	145.0	1
58	1345.76	5905.1763	127.0	1
58	1354.4	5905.5707	696.6	1
58	1476.65	5911.2296	207.7	1
58	1495.13	5912.0853	4659.3	1
58	1522.65	5913.3638	74.1	1
58	1551.51	5914.6709	2843.7	1
58	1644.81	5918.9442	377.9	1
58	1787.36	5925.4036	602.8	1
58	1825.33	5927.1258	147.5	1
58	1887.78	5929.9343	335.1	1
58	1943.33	5932.4274	70.3	1
58	2032.33	5936.3861	120.8	1
58	2050.02	5937.1619	91.2	1
58	2061.31	5937.6634	287.8	1
58	2087.4	5938.8252	1408.2	1
58	2192.7	5943.4653	38.8	1
58	2219.92	5944.6472	335.8	1
58	2255.48	5946.2347	23.5	1
58	2314.43	5948.7991	41.3	1
59	15.33	5741.1705	48.3	1
59	28.5	5741.829	258.2	1
59	166.13	5748.7412	560.5	1
59	179.11	5749.3883	238.6	1
59	186.96	5749.7862	193.0	1
59	252.25	5753.0265	856.3	1
59	450.84	5762.7941	105.4	1
59	465.69	5763.529	1135.4	1
59	553.03	5767.7785	268.0	1
59	561.34	5768.1812	777.1	1
59	642.96	5772.1143	216.3	1
59	680.9	5773.9463	661.2	1
59	752.82	5777.4006	214.3	1
59	803.63	5779.8352	93.6	1
59	1011.36	5789.6451	1638.7	1
59	1070.85	5792.4304	1173.8	1
59	1148.87	5796.0683	726.0	1
59	1175.79	5797.3194	220.3	1
59	1200.85	5798.478	235.3	1
59	1251.71	5800.8297	3218.8	1
59	1278.89	5802.0798	353.6	1
59	1323.67	5804.1412	9353.4	1
59	1357.37	5805.7017	134.7	1
59	1400.88	5807.6814	133.3	1
59	1422.41	5808.6569	70.5	1
59	1517.01	5812.9725	449.2	1
59	1571.56	5815.4219	550.7	1
59	1638.8	5818.4495	84.1	1
59	1664.44	5819.6027	69.2	1
59	1735.85	5822.7933	97.9	1
59	1814.44	5826.2722	77.0	1
59	1877.89	5829.1097	66.0	1
59	1894.96	5829.8625	49.4	1
59	1917.02	5830.8272	162.9	1
59	1952.06	5832.3705	412.1	1
59	1995.14	5834.2633	396.9	1
59	2102.28	5838.9502	74.0	1
59	2141.32	5840.6404	133.0	1
59	2214.42	5843.8069	89.8	1
59	2237.32	5844.7909	15.2	1
59	2263.41	5845.9188	69.2	1
60	35.75	5646.4514	50.1	1
60	60.7	5647.7069	34.9	1
60	86.89	5648.991	245.3	1
60	121.69	5650.7043	718.3	1
60	189.05	5654.0234	69.4	1
60	268.77	5657.9255	379.6	1
60	293.51	5659.1272	125.3	1
60	325.57	5660.6594	43.5	1
60	373.99	5663.042	145.4	1
60	406.58	5664.621	171.0	1
60	418.26	5665.1799	1211.5	1
60	444.24	5666.4185	52.5	1
60	458.76	5667.1281	354.7	1
60	598.83	5673.8358	151.8	1
60	623.19	5674.9864	392.8	1
60	707.56	5679.005	134.7	1
60	769.37	5681.9001	303.3	1
60	839.36	5685.1921	420.4	1
60	885.62	5687.3489	87.2	1
60	978.32	5691.6612	473.7	1
60	1079.77	5696.3904	125.3	1
60	1122.21	5698.2937	244.9	1
60	1179.06	5700.9176	1210.1	1
60	1217.39	5702.6511	168.7	1
60	1282.96	5705.6371	132.9	1
60	1315.48	5707.1033	1263.9	1
60	1350.18	5708.6794	136.9	1
60	1507.19	5715.7244	85.9	1
60	1539.66	5717.1711	169.7	1
60	1594.83	5719.6227	2286.2	1
60	1607.47	5720.1828	14003.7	1
60	1778.35	5727.7103	127.4	1
60	1829.72	5729.9823	76.2	1
60	1969.3	5736.0297	162.8	1
60	2050.24	5739.5196	505.0	1
60	2088.61	5741.1705	72.3	1
60	2104.07	5741.829	371.0	1
60	2266.14	5748.7412	323.9	1
60	2281.43	5749.3883	116.2	1
60	2290.65	5749.7862	89.3	1
60	2367.45	5753.0265	190.7	1
61	70.5	5555.5312	40.7	1
61	83.8	5556.1487	29.9	1
61	101.54	5557.0454	585.7	1
61	128.36	5558.3422	940.0	1
61	135.55	5558.702	1216.0	1
61	159.88	5559.8912	402.9	1
61	249.44	5564.2011	83.2	1
61	328.32	5567.9986	169.6	1
61	395.18	5571.1913	1175.5	1
61	422.56	5572.4649	1428.4	1
61	440.5	5573.3535	2612.8	1
61	473.41	5574.9153	35.6	1
61	500.67	5576.2045	659.5	1
61	532.0	5577.6845	391.5	1
61	567.56	5579.3583	1708.6	1
61	582.79	5580.0771	175.8	1
61	597.2	5580.7547	111.7	1
61	641.8	5582.8665	133.9	1
61	661.5	5583.7621	175.5	1
61	706.25	5585.8472	72.9	1
61	731.54	5587.0263	7884.6	1
61	746.93	5587.7351	61.0	1
61	768.64	5588.7506	652.0	1
61	798.51	5590.1127	95.1	1
61	873.92	5593.6129	371.0	1
61	892.45	5594.4604	288.7	1
61	905.52	5595.0635	2234.3	1
61	958.09	5597.4756	238.5	1
61	980.35	5598.4794	226.8	1
61	1006.6	5599.6548	279.4	1
61	1048.67	5601.6032	2491.7	1
61	1076.1	5602.863	177.5	1
61	1112.84	5604.5154	702.7	1
61	1162.04	5606.733	4547.3	1
61	1225.07	5609.5735	169.4	1
61	1249.85	5610.6809	970.8	1
61	1280.82	5612.0679	1088.9	1
61	1353.74	5615.3195	3550.1	1
61	1384.21	5616.6908	87.7	1
61	1405.88	5617.6417	160.1	1
61	1458.97	5619.9755	256.3	1
61	1570.68	5624.9129	129.6	1
61	1588.85	5625.6782	123.6	1
61	1694.3	5630.2969	166.0	1
61	1763.54	5633.295	278.8	1
61	1824.03	5635.8792	158.5	1
61	2071.45	5646.4514	78.0	1
61	2100.57	5647.7069	45.2	1
61	2131.45	5648.991	282.5	1
61	2172.24	5650.7043	682.1	1
61	2251.2	5654.0234	37.9	1
61	2344.89	5657.9255	99.5	1
61	2373.88	5659.1272	22.0	1
62	35.82	5464.2055	209.2	1
62	97.31	5467.1704	40.1	1
62	172.22	5470.7591	193.7	1
62	314.75	5477.5522	25.8	1
62	347.5	5479.0751	100.4	1
62	385.68	5480.8907	31.1	1
62	455.5	5484.1467	96.3	1
62	535.16	5487.8414	47.5	1
62	551.82	5488.6287	142.7	1
62	583.91	5490.1194	66.3	1
62	638.27	5492.6435	894.7	1
62	650.45	5493.204	328.2	1
62	674.93	5494.3306	373.3	1
62	708.66	5495.8738	2139.8	1
62	758.96	5498.1841	193.9	1
62	782.35	5499.2554	4860.5	1
62	827.12	5501.2814	242.5	1
62	841.17	5501.9439	103.8	1
62	893.35	5504.3018	1080.8	1
62	933.47	5506.1128	596.7	1
62	951.21	5506.9196	92.5	1
62	965.34	5507.5385	279.5	1
62	987.62	5508.5585	205.9	1
62	1019.5	5509.9938	2002.2	1
62	1221.45	5518.9893	245.1	1
62	1283.84	5521.7532	125.9	1
62	1348.45	5524.5824	409.3	1
62	1356.89	5524.957	302.3	1
62	1410.58	5527.2953	193.7	1
62	1431.72	5528.2272	196.1	1
62	1450.94	5529.0972	75.2	1
62	1474.17	5530.0763	64.5	1
62	1488.41	5530.6977	67.7	1
62	1610.38	5535.971	90.9	1
62	1647.07	5537.5563	168.4	1
62	1671.41	5538.6087	254.9	1
62	1686.99	5539.2618	3723.4	1
62	1702.16	5539.9106	678.3	1
62	1730.86	5541.1466	146.4	1
62	1741.26	5541.5815	129.8	1
62	1771.91	5542.89	601.9	1
62	1822.81	5545.0495	79.0	1
62	1848.12	5546.1204	54.7	1
62	1872.41	5547.1339	43.5	1
62	1972.06	5551.3719	110.8	1
62	2002.26	5552.6229	107.8	1
62	2071.81	5555.5312	55.9	1
62	2087.5	5556.1487	37.9	1
62	2108.31	5557.0454	691.2	1
62	2139.71	5558.3422	917.4	1
62	2148.15	5558.702	1176.3	1
62	2176.52	5559.8912	333.5	1
62	2281.46	5564.2011	35.8	1
62	2373.88	5567.9986	29.0	1
63	22.2	5376.7809	78.1	1
63	71.38	5379.1105	312.3	1
63	119.2	5381.3709	24.8	1
63	152.22	5382.9276	93.5	1
63	260.74	5388.0507	93.8	1
63	357.9	5392.5726	182.4	1
63	387.8	5393.9719	238.6	1
63	405.03	5394.7608	1062.3	1
63	464.92	5397.516	213.3	1
63	500.27	5399.1745	412.3	1
63	510.25	5399.6218	86.3	1
63	521.84	5400.1455	88.8	1
63	575.54	5402.6048	230.0	1
63	588.55	5403.1993	142.3	1
63	666.7	5406.7553	60.3	1
63	686.4	5407.6535	1403.8	1
63	755.28	5410.7687	1314.1	1
63	860.71	5415.5226	651.3	1
63	941.68	5419.1285	81.6	1
63	991.92	5421.3517	470.2	1
63	1001.86	5421.8359	148.2	1
63	1051.91	5424.0079	816.7	1
63	1089.72	5425.6783	516.7	1
63	1106.12	5426.4075	194.4	1
63	1167.91	5429.1048	62.3	1
63	1213.65	5431.112	1292.7	1
63	1250.81	5432.765	66.8	1
63	1263.49	5433.2919	75.0	1
63	1283.43	5434.1514	546.2	1
63	1305.69	5435.1229	92.2	1
63	1323.3	5435.8925	213.6	1
63	1358.03	5437.3877	163.1	1
63	1375.81	5438.1374	135.1	1
63	1418.22	5439.9891	305.0	1
63	1432.53	5440.6015	245.1	1
63	1471.35	5442.2477	81.4	1
63	1504.87	5443.6893	153.0	1
63	1586.06	5447.1536	186.2	1
63	1612.3	5448.2719	43.2	1
63	1640.46	5449.4788	221.6	1
63	1692.11	5451.652	805.0	1
63	1775.12	5455.1524	83.1	1
63	1866.18	5458.9676	58.2	1
63	1932.6	5461.7358	70.4	1
63	1953.44	5462.6129	71.2	1
63	1992.43	5464.2055	368.1	1
63	2064.24	5467.1704	52.0	1
63	2151.96	5470.7591	164.4	1
63	2318.2	5477.5522	7.1	1
63	2356.41	5479.0751	19.1	1
64	58.35	5294.3971	92.9	1
64	73.07	5295.0886	19.3	1
64	98.71	5296.2787	171.8	1
64	130.16	5297.7431	249.6	1
64	141.41	5298.2824	204.9	1
64	189.67	5300.5234	148.2	1
64	208.82	5301.4043	35.4	1
64	329.53	5306.9864	80.8	1
64	339.85	5307.4655	118.3	1
64	386.33	5309.6093	53.1	1
64	400.96	5310.2665	173.4	1
64	438.98	5312.0018	1911.9	1
64	450.71	5312.5288	857.0	1
64	509.81	5315.2278	78.5	1
64	560.16	5317.4944	394.6	1
64	580.64	5318.4268	59.9	1
64	632.8	5320.7699	99.6	1
64	680.3	5322.8988	81.6	1
64	730.62	5325.1438	161.1	1
64	737.02	5325.4317	168.2	1
64	755.88	5326.2774	335.6	1
64	826.46	5329.3745	130.6	1
64	833.41	5329.6979	136.4	1
64	841.67	5330.0804	280.5	1
64	999.36	5337.0154	91.2	1
64	1079.31	5340.4982	147.3	1
64	1150.31	5343.5812	4549.8	1
64	1190.34	5345.3117	118.0	1
64	1215.58	5346.3778	133.3	1
64	1252.19	5347.9714	371.9	1
64	1276.2	5349.0054	134.8	1
64	1286.89	5349.4608	171.2	1
64	1325.84	5351.1265	399.9	1
64	1342.64	5351.8365	121.4	1
64	1407.5	5354.6016	135.4	1
64	1431.74	5355.6365	152.6	1
64	1538.61	5360.1501	589.0	1
64	1562.54	5361.1556	181.5	1
64	1596.38	5362.5751	267.7	1
64	1665.84	5365.4705	57.8	1
64	1791.66	5370.7096	159.5	1
64	1840.02	5372.7027	157.4	1
64	1859.21	5373.4943	91.2	1
64	1891.58	5374.8219	390.4	1
64	1904.39	5375.3526	170.3	1
64	1923.42	5376.1304	82.4	1
64	1938.88	5376.7809	168.9	1
64	1995.88	5379.1105	522.6	1
64	2052.0	5381.3709	34.0	1
64	2090.61	5382.9276	100.8	1
64	2181.58	5386.6107	473.4	1
64	2217.21	5388.0507	49.0	1
64	2330.2	5392.5726	43.3	1
64	2356.02	5393.5995	13.9	1
64	2365.01	5393.9719	37.6	1
64	2385.09	5394.7608	121.4	1
65	22.5	5211.2305	558.1	1
65	68.47	5213.3492	213.9	1
65	180.68	5218.5271	47.8	1
65	193.35	5219.1099	519.1	1
65	240.68	5221.271	257.4	1
65	393.74	5228.2246	150.9	1
65	410.73	5228.9951	53.2	1
65	504.95	5233.2254	172.2	1
65	525.18	5234.1069	100.0	1
65	630.47	5238.8137	614.8	1
65	647.06	5239.552	604.7	1
65	661.68	5240.1968	228.5	1
65	831.38	5247.6547	814.0	1
65	905.39	5250.8727	130.9	1
65	964.78	5253.4441	104.2	1
65	1078.63	5258.3602	3580.6	1
65	1119.35	5260.1041	595.8	1
65	1151.56	5261.472	224.3	1
65	1215.97	5264.2332	92.8	1
65	1247.32	5265.5514	135.3	1
65	1274.6	5266.7103	1761.1	1
65	1346.96	5269.7927	141.4	1
65	1358.94	5270.266	210.0	1
65	1422.69	5272.927	256.7	1
65	1450.79	5274.1188	573.7	1
65	1505.55	5276.4089	58.5	1
65	1523.57	5277.146	148.8	1
65	1531.88	5277.5002	259.6	1
65	1600.88	5280.3441	72.9	1
65	1618.11	5281.0687	332.8	1
65	1631.66	5281.6285	134.8	1
65	1759.69	5286.887	161.9	1
65	1880.72	5291.8163	159.9	1
65	1944.4	5294.3971	180.7	1
65	1961.53	5295.0886	34.9	1
65	1991.51	5296.2787	259.3	1
65	2028.16	5297.7431	318.0	1
65	2041.14	5298.2824	249.0	1
65	2097.42	5300.5234	139.8	1
65	2119.7	5301.4043	33.4	1
65	2259.95	5306.9864	31.5	1
65	2271.93	5307.4655	41.2	1
65	2325.89	5309.6093	11.8	1
65	2342.82	5310.2665	29.8	1
65	2387.1	5312.0018	192.1	1
66	77.9	5134.746	160.2	1
66	108.1	5136.121	28.0	1
66	137.8	5137.4733	69.9	1
66	210.37	5140.7736	113.7	1
66	232.93	5141.7827	1307.0	1
66	266.3	5143.2673	204.2	1
66	280.23	5143.9165	384.4	1
66	311.31	5145.3083	906.1	1
66	328.07	5146.0557	60.1	1
66	376.24	5148.2115	103.8	1
66	398.46	5149.2069	68.8	1
66	452.53	5151.612	1477.4	1
66	512.12	5154.243	1718.6	1
66	678.44	5161.5396	595.7	1
66	695.54	5162.2846	1084.7	1
66	722.49	5163.4584	1215.2	1
66	775.75	5165.7728	588.3	1
66	796.03	5166.6553	165.5	1
66	848.8	5168.9225	194.1	1
66	879.54	5170.2227	87.6	1
66	960.06	5173.6715	284.1	1
66	985.55	5174.7988	131.9	1
66	998.36	5175.3248	329.2	1
66	1020.24	5176.2292	407.4	1
66	1036.76	5176.961	1819.4	1
66	1051.53	5177.6228	321.5	1
66	1071.82	5178.48	94.9	1
66	1125.86	5180.7209	71.2	1
66	1168.25	5182.5269	122.2	1
66	1182.34	5183.0897	98.7	1
66	1203.14	5183.9896	147.0	1
66	1214.41	5184.4534	176.3	1
66	1260.96	5186.4132	176.4	1
66	1283.22	5187.3374	527.9	1
66	1292.97	5187.7462	1604.4	1
66	1367.93	5190.872	214.1	1
66	1439.92	5193.8256	266.8	1
66	1454.76	5194.4576	530.2	1
66	1487.73	5195.8136	1524.1	1
66	1522.38	5197.236	85.5	1
66	1569.65	5199.1637	2844.8	1
66	1639.83	5202.0087	70.3	1
66	1684.4	5203.8479	80.3	1
66	1716.48	5205.1522	164.7	1
66	1781.99	5207.8015	55.8	1
66	1830.02	5209.7246	305.8	1
66	1920.64	5213.3492	427.4	1
66	2051.03	5218.5271	54.2	1
66	2065.74	5219.1099	506.1	1
66	2120.68	5221.271	193.0	1
66	2298.2	5228.2246	37.0	1
66	2317.75	5228.9951	10.8	1
66	2373.71	5231.1597	499.9	1
67	17.75	5055.3473	65.8	1
67	76.38	5057.9866	52.3	1
67	118.36	5059.8611	172.1	1
67	166.57	5062.0371	1059.5	1
67	186.38	5062.9325	43.1	1
67	199.64	5063.5157	73.1	1
67	210.69	5063.9988	79.8	1
67	224.17	5064.602	460.3	1
67	231.95	5064.9454	605.8	1
67	258.39	5066.1355	146.3	1
67	272.98	5066.7773	90.6	1
67	330.48	5069.3384	40.5	1
67	451.23	5074.6465	45.1	1
67	469.88	5075.4659	37.2	1
67	572.04	5079.9079	52.4	1
67	607.39	5081.4462	193.7	1
67	689.46	5084.9935	145.3	1
67	717.13	5086.1774	51.0	1
67	788.18	5089.2192	35.6	1
67	818.35	5090.5455	1550.5	1
67	925.74	5095.0639	154.7	1
67	959.35	5096.4848	960.3	1
67	996.36	5098.0432	216.9	1
67	1057.66	5100.6211	1223.3	1
67	1069.96	5101.1299	259.1	1
67	1277.03	5109.7331	110.4	1
67	1314.33	5111.2781	420.0	1
67	1483.57	5118.2023	271.3	1
67	1590.38	5122.4995	168.4	1
67	1739.65	5128.4897	220.9	1
67	1782.45	5130.2338	41.7	1
67	1804.55	5131.072	49.8	1
67	1897.12	5134.746	314.0	1
67	1931.78	5136.121	54.8	1
67	1966.63	5137.4733	108.7	1
67	2051.25	5140.7736	114.4	1
67	2076.81	5141.7827	1125.1	1
67	2115.44	5143.2673	164.6	1
67	2131.44	5143.9165	260.6	1
67	2167.42	5145.3083	498.7	1
67	2186.73	5146.0557	31.9	1
67	2242.58	5148.2115	37.9	1
67	2268.41	5149.2069	20.3	1
67	2330.95	5151.612	266.0	1
68	17.73	4980.9513	13.2	1
68	52.75	4982.4875	94.1	1
68	76.04	4983.5324	6.4	1
68	117.45	4985.3725	297.2	1
68	130.58	4985.9486	18.3	1
68	157.43	4987.147	29.2	1
68	166.79	4987.5582	23.5	1
68	206.42	4989.3086	148.5	1
68	270.54	4992.1257	21.5	1
68	281.67	4992.6372	36.7	1
68	307.83	4993.7488	89.6	1
68	449.71	4999.9398	39.1	1
68	456.9	5000.2463	36.0	1
68	499.6	5002.0972	1734.8	1
68	534.49	5003.5981	131.8	1
68	546.32	5004.1279	112.8	1
68	641.49	5008.1897	30.4	1
68	668.59	5009.3344	2341.0	1
68	682.89	5009.9367	65.6	1
68	693.83	5010.4174	42.9	1
68	719.1	5011.4774	46.4	1
68	759.34	5013.1647	22.5	1
68	823.61	5015.8893	151.8	1
68	838.71	5016.5356	95.2	1
68	854.02	5017.1628	6038.1	1
68	874.77	5018.0535	79.6	1
68	916.89	5019.8062	706.3	1
68	934.54	5020.5458	53.8	1
68	951.72	5021.2531	50.3	1
68	970.17	5022.0051	241.6	1
68	1010.48	5023.7084	108.3	1
68	1130.12	5028.6556	2097.3	1
68	1160.37	5029.8916	493.2	1
68	1293.21	5035.3375	55.0	1
68	1327.43	5036.7284	57.7	1
68	1367.34	5038.3018	65.9	1
68	1389.74	5039.2303	1730.5	1
68	1425.63	5040.6805	182.4	1
68	1436.64	5041.1224	152.7	1
68	1448.48	5041.5998	108.0	1
68	1496.12	5043.5145	70.2	1
68	1526.34	5044.7195	2733.4	1
68	1539.51	5045.2481	374.4	1
68	1567.52	5046.3527	87.8	1
68	1584.54	5047.0434	612.7	1
68	1653.84	5049.796	814.4	1
68	1706.71	5051.8887	252.4	1
68	1793.99	5055.3473	216.0	1
68	1861.72	5057.9866	119.4	1
68	1910.76	5059.8611	317.9	1
68	1965.95	5062.0371	1402.9	1
68	2017.24	5063.9988	86.2	1
68	2042.26	5064.9454	646.9	1
68	2072.14	5066.1355	118.5	1
68	2089.66	5066.7773	69.7	1
68	2120.15	5067.9737	1418.3	1
68	2155.61	5069.3384	23.4	1
68	2295.15	5074.6465	10.0	1
68	2316.75	5075.4659	6.3	1
69	51.51	4910.1576	53.6	1
69	65.92	4910.7929	34.6	1
69	79.15	4911.3787	32.5	1
69	94.07	4912.0428	10.2	1
69	105.28	4912.5293	43.4	1
69	126.76	4913.4789	8.5	1
69	170.31	4915.4155	12.7	1
69	226.21	4917.822	10.8	1
69	272.28	4919.8157	787.3	1
69	313.72	4921.6134	87.7	1
69	344.86	4922.9442	37.4	1
69	378.94	4924.4223	58.1	1
69	401.7	4925.4254	32.3	1
69	413.74	4925.9501	64.0	1
69	445.93	4927.2988	43.8	1
69	457.09	4927.7803	308.9	1
69	487.55	4929.086	72.5	1
69	508.74	4929.985	51.9	1
69	599.84	4933.8521	116.8	1
69	611.77	4934.3306	20.3	1
69	669.41	4936.7746	309.0	1
69	694.38	4937.8295	465.8	1
69	710.7	4938.5047	109.0	1
69	737.61	4939.6422	1470.8	1
69	780.13	4941.416	54.3	1
69	791.83	4941.9174	26.0	1
69	819.39	4943.0642	890.3	1
69	834.45	4943.7076	37.1	1
69	877.42	4945.4587	1994.0	1
69	906.54	4946.6637	283.0	1
69	928.3	4947.5752	172.3	1
69	993.57	4950.2513	103.6	1
69	1002.9	4950.6264	213.2	1
69	1053.4	4952.6908	68.8	1
69	1074.36	4953.532	29.2	1
69	1166.74	4957.2963	86.7	1
69	1186.14	4958.0988	78.1	1
69	1201.9	4958.724	39.9	1
69	1275.99	4961.726	144.2	1
69	1359.7	4965.0795	10354.2	1
69	1375.89	4965.7315	341.8	1
69	1409.72	4967.0628	20.8	1
69	1424.48	4967.6529	24.5	1
69	1451.82	4968.7556	108.7	1
69	1484.72	4970.0785	164.7	1
69	1612.31	4975.0917	25.2	1
69	1634.39	4975.9485	38.8	1
69	1650.51	4976.5938	25.5	1
69	1742.53	4980.1859	192.0	1
69	1761.56	4980.9513	49.0	1
69	1801.85	4982.4875	272.8	1
69	1828.89	4983.5324	15.9	1
69	1876.55	4985.3725	568.5	1
69	1891.75	4985.9486	35.5	1
69	1922.46	4987.147	44.9	1
69	1934.02	4987.5582	38.1	1
69	1978.99	4989.3086	176.5	1
69	2066.04	4992.6372	28.8	1
69	2096.7	4993.7488	65.9	1
69	2259.9	4999.9398	10.3	1
69	2268.25	5000.2463	9.5	1
69	2317.24	5002.0972	298.8	1
69	2357.33	5003.5981	13.0	1
70	72.05	4840.8492	456.7	1
70	101.84	4842.1676	8.6	1
70	142.86	4843.9413	123.0	1
70	171.47	4845.1626	54.2	1
70	245.66	4848.3625	559.8	1
70	263.5	4849.1399	77.3	1
70	280.75	4849.8617	67.8	1
70	294.12	4850.4397	144.2	1
70	350.95	4852.8685	138.7	1
70	368.71	4853.6087	10.6	1
70	461.05	4857.5385	31.1	1
70	479.78	4858.3327	87.3	1
70	548.52	4861.2167	207.9	1
70	560.35	4861.7173	171.3	1
70	595.0	4863.1724	1199.0	1
70	650.48	4865.4775	2149.0	1
70	660.96	4865.91	1026.5	1
70	700.46	4867.556	143.0	1
70	732.48	4868.8814	330.4	1
70	790.82	4871.289	197.2	1
70	830.5	4872.9169	1444.3	1
70	865.7	4874.3645	603.1	1
70	930.91	4877.0015	81.0	1
70	955.01	4878.0094	644.5	1
70	972.8	4878.733	2611.2	1
70	1000.66	4879.8635	23674.3	1
70	1033.73	4881.2046	290.5	1
70	1049.91	4881.8531	90.3	1
70	1059.55	4882.2432	466.9	1
70	1175.41	4886.8661	31.1	1
70	1228.91	4889.0422	3828.9	1
70	1240.14	4889.4903	142.0	1
70	1264.44	4890.4582	124.9	1
70	1279.48	4891.0379	49.8	1
70	1294.56	4891.6606	40.3	1
70	1322.62	4892.7592	159.5	1
70	1339.73	4893.4453	130.1	1
70	1475.57	4898.8044	53.1	1
70	1487.35	4899.2401	152.2	1
70	1558.67	4902.0545	325.8	1
70	1577.78	4902.7943	108.1	1
70	1628.45	4904.7516	809.9	1
70	1691.53	4907.2093	52.5	1
70	1768.82	4910.1576	175.1	1
70	1785.17	4910.7929	106.6	1
70	1800.52	4911.3787	93.4	1
70	1817.8	4912.0428	27.0	1
70	1830.6	4912.5293	101.5	1
70	1855.86	4913.4789	20.9	1
70	2023.23	4919.8157	732.7	1
70	2070.88	4921.6134	62.1	1
70	2106.86	4922.9442	24.1	1
70	2145.0	4924.4223	32.4	1
70	2171.9	4925.4254	13.7	1
70	2222.74	4927.2988	12.6	1
70	2235.63	4927.7803	84.6	1
70	2270.63	4929.086	16.0	1
70	2294.98	4929.985	9.8	1
70	2382.24	4933.2091	91.7	1
71	86.81	4773.241	18.5	1
71	135.27	4775.313	27.5	1
71	146.33	4775.794	34.6	1
71	179.07	4777.1915	34.7	1
71	204.8	4778.294	845.7	1
71	238.05	4779.7286	42.8	1
71	262.5	4780.7505	25.7	1
71	281.07	4781.526	17.4	1
71	310.12	4782.7612	35.8	1
71	336.59	4783.8617	91.5	1
71	399.7	4786.531	103.3	1
71	414.26	4787.148	157.9	1
71	451.1	4788.6781	13.9	1
71	467.76	4789.3868	851.8	1
71	493.28	4790.4373	19.9	1
71	518.21	4791.5157	21.5	1
71	532.43	4792.0819	93.8	1
71	560.59	4793.2446	107.1	1
71	625.15	4795.9131	145.2	1
71	728.66	4800.1724	67.5	1
71	750.27	4801.0517	18.7	1
71	790.15	4802.6714	25.6	1
71	821.58	4803.9559	38.0	1
71	924.86	4808.1337	3086.4	1
71	961.66	4809.614	916.4	1
71	1030.63	4812.3755	157.2	1
71	1046.3	4813.0069	156.4	1
71	1146.81	4817.0206	85.5	1
71	1188.4	4818.6477	94.4	1
71	1202.08	4819.193	158.3	1
71	1234.4	4820.4649	128.9	1
71	1244.93	4820.8847	562.9	1
71	1262.81	4821.5878	620.8	1
71	1295.1	4822.8548	1920.9	1
71	1314.24	4823.6058	667.2	1
71	1324.39	4823.9967	317.3	1
71	1340.88	4824.6484	29.2	1
71	1393.45	4826.7004	1026.4	1
71	1473.32	4829.7973	113.4	1
71	1507.44	4831.1213	1655.3	1
71	1519.68	4831.5975	548.8	1
71	1551.13	4832.8025	287.1	1
71	1795.59	4842.1676	24.4	1
71	1842.89	4843.9413	261.3	1
71	1875.41	4845.1626	90.6	1
71	1946.21	4847.8095	2223.2	1
71	1981.34	4849.1399	78.1	1
71	2001.3	4849.8617	62.2	1
71	2016.75	4850.4397	118.7	1
71	2082.02	4852.8685	83.4	1
71	2103.13	4853.6087	7.2	1
71	2208.84	4857.5385	10.6	1
71	2229.9	4858.3327	24.2	1
71	2308.68	4861.2167	28.4	1
71	2322.3	4861.7173	20.4	1
71	2362.1	4863.1724	87.7	1
72	19.16	4703.9898	464.3	1
72	60.26	4705.7606	32.0	1
72	72.03	4706.2511	8.2	1
72	90.1	4707.045	5.7	1
72	119.95	4708.294	39.8	1
72	180.15	4710.8238	17.3	1
72	207.73	4712.0056	10.0	1
72	218.9	4712.4814	111.3	1
72	271.7	4714.6715	10.9	1
72	288.64	4715.4308	18.1	1
72	336.27	4717.3905	14.9	1
72	385.18	4719.4424	15.9	1
72	409.85	4720.4586	57.5	1
72	429.78	4721.2765	127.5	1
72	437.27	4721.591	203.0	1
72	449.27	4722.0886	187.7	1
72	481.95	4723.4382	2533.9	1
72	514.6	4724.7723	63.6	1
72	596.32	4728.133	57.7	1
72	620.63	4729.1282	537.9	1
72	639.55	4729.8795	58.5	1
72	658.82	4730.6593	78.9	1
72	692.62	4732.0532	1882.1	1
72	741.86	4734.0458	43.7	1
72	787.96	4735.9058	6828.0	1
72	837.99	4737.9172	46.4	1
72	881.86	4739.6764	386.7	1
72	903.36	4740.5292	571.0	1
72	913.92	4740.9585	373.6	1
72	943.51	4742.1174	177.0	1
72	954.33	4742.5671	57.9	1
72	982.71	4743.687	177.3	1
72	1024.0	4745.3375	143.1	1
72	1081.45	4747.6176	27.4	1
72	1122.2	4749.2002	864.6	1
72	1141.44	4749.9713	367.4	1
72	1204.31	4752.4141	688.0	1
72	1328.0	4757.2196	93.2	1
72	1513.59	4764.3463	496.5	1
72	1526.95	4764.8646	23824.9	1
72	1546.09	4765.595	175.3	1
72	1572.44	4766.6006	634.8	1
72	1611.93	4768.0578	38.1	1
72	1747.92	4773.241	61.5	1
72	1803.74	4775.313	69.7	1
72	1816.51	4775.794	78.0	1
72	1854.14	4777.1915	70.7	1
72	2035.13	4783.8617	78.4	1
72	2107.38	4786.531	55.0	1
72	2123.94	4787.148	71.5	1
72	2166.37	4788.6781	6.4	1
72	2185.11	4789.3868	275.6	1
72	2214.49	4790.4373	5.9	1
72	2259.11	4792.0819	19.0	1
72	2291.57	4793.2446	16.1	1
72	2365.44	4795.9131	8.2	1
73	143.29	4644.7072	12.4	1
73	189.82	4646.6861	33.2	1
73	203.9	4647.2509	63.3	1
73	220.9	4647.9564	6.7	1
73	275.63	4650.2343	58.5	1
73	307.64	4651.5552	84.9	1
73	318.34	4651.9895	38.7	1
73	395.81	4655.2126	43.2	1
73	461.92	4657.9012	8310.3	1
73	502.78	4659.5698	51.1	1
73	522.62	4660.3941	22.4	1
73	577.24	4662.5936	27.6	1
73	592.29	4663.2026	478.4	1
73	635.89	4664.9704	39.2	1
73	661.86	4666.005	112.1	1
73	674.54	4666.5158	216.5	1
73	681.58	4666.7985	290.9	1
73	715.75	4668.1716	506.4	1
73	761.13	4669.9842	702.1	1
73	822.53	4672.4372	32.2	1
73	853.58	4673.6609	3344.9	1
73	896.87	4675.376	88.4	1
73	914.24	4676.0555	641.4	1
73	937.37	4676.9721	62.7	1
73	969.42	4678.2352	77.1	1
73	1020.82	4680.2377	124.6	1
73	1030.69	4680.646	110.5	1
73	1072.52	4682.2319	156.0	1
73	1084.25	4682.7322	23.0	1
73	1100.35	4683.3517	304.4	1
73	1173.56	4686.1946	1108.9	1
73	1288.51	4690.6219	382.1	1
73	1299.21	4691.0516	46.5	1
73	1314.37	4691.6354	432.6	1
73	1379.23	4694.0914	424.0	1
73	1403.9	4695.0381	1100.6	1
73	1415.01	4695.4542	119.8	1
73	1488.3	4698.2248	66.6	1
73	1538.92	4700.1402	48.5	1
73	1555.86	4700.7711	56.6	1
73	1596.6	4702.3161	670.0	1
73	1623.95	4703.3581	117.7	1
73	1688.22	4705.7606	151.3	1
73	1702.0	4706.2511	34.9	1
73	1723.12	4707.045	19.3	1
73	1756.54	4708.294	122.7	1
73	1826.25	4710.8238	39.1	1
73	1857.59	4712.0056	20.1	1
73	1869.93	4712.4814	172.0	1
73	2005.08	4717.3905	12.2	1
73	2120.04	4721.591	91.4	1
73	2133.91	4722.0886	73.3	1
73	2171.18	4723.4382	795.3	1
73	2208.35	4724.7723	17.4	1
73	2266.55	4726.8683	1630.4	1
73	2293.48	4727.8491	5.9	1
73	2302.11	4728.133	7.1	1
73	2329.69	4729.1282	47.9	1
73	2351.02	4729.8795	3.6	1
73	2372.96	4730.6593	3.8	1
74	82.4	4579.3495	1047.8	1
74	126.62	4581.1732	14.6	1
74	202.32	4584.3671	9.1	1
74	301.79	4588.4261	225.2	1
74	323.01	4589.2668	33.1	1
74	405.82	4592.666	230.6	1
74	429.4	4593.6437	39.7	1
74	473.81	4595.4206	973.2	1
74	490.63	4596.0967	386.9	1
74	556.81	4598.7627	1222.9	1
74	580.56	4599.7046	37.6	1
74	666.47	4603.1446	134.1	1
74	705.12	4604.6529	10.9	1
74	773.16	4607.378	41.7	1
74	787.32	4607.9347	141.9	1
74	804.76	4608.6201	121.3	1
74	828.94	4609.5673	20260.0	1
74	855.64	4610.6272	51.7	1
74	887.23	4611.8597	87.9	1
74	904.9	4612.5435	69.5	1
74	932.1	4613.6044	174.3	1
74	968.6	4615.024	136.7	1
74	976.52	4615.334	179.9	1
74	1043.03	4617.9065	14.2	1
74	1084.09	4619.4794	125.4	1
74	1103.78	4620.2408	73.7	1
74	1127.04	4621.1629	263.6	1
74	1151.27	4622.1209	28.1	1
74	1178.62	4623.1169	32.8	1
74	1209.37	4624.314	83.0	1
74	1239.95	4625.4938	32.3	1
74	1288.05	4627.298	128.7	1
74	1318.27	4628.4409	461.2	1
74	1405.33	4631.7617	200.3	1
74	1459.55	4633.7657	204.6	1
74	1552.38	4637.2328	1055.3	1
74	1576.28	4638.1259	50.7	1
74	1591.26	4638.6849	191.0	1
74	1754.49	4644.7072	39.2	1
74	1905.36	4650.2343	72.6	1
74	1942.62	4651.5552	86.6	1
74	2165.46	4659.5698	16.1	1
74	2188.11	4660.3941	6.9	1
74	2250.39	4662.5936	5.3	1
74	2267.54	4663.2026	71.3	1
74	2318.53	4664.9704	4.0	1
74	2347.24	4666.005	5.8	1
74	2361.37	4666.5158	10.4	1
74	2369.32	4666.7985	12.2	1
75	107.62	4519.2592	24.7	1
75	154.83	4521.1939	102.8	1
75	167.97	4521.7407	2.3	1
75	182.07	4522.323	104.4	1
75	226.24	4524.1289	5.2	1
75	244.13	4524.8379	8.2	1
75	272.33	4526.0286	4.9	1
75	322.06	4528.0208	9.5	1
75	345.73	4528.974	6.1	1
75	384.5	4530.5523	227.0	1
75	413.23	4531.7134	10.4	1
75	427.17	4532.2577	22.2	1
75	448.25	4533.077	61.9	1
75	473.53	4534.1198	32.1	1
75	502.07	4535.2546	201.6	1
75	519.96	4535.9798	27.8	1
75	561.98	4537.6426	93.0	1
75	646.71	4540.999	307.4	1
75	673.59	4542.0513	14.7	1
75	707.82	4543.4153	22.8	1
75	719.66	4543.8692	70.3	1
75	736.52	4544.5142	73.1	1
75	771.96	4545.9156	385.3	1
75	791.95	4546.6757	32.5	1
75	805.74	4547.2498	104.2	1
75	819.27	4547.7589	200.4	1
75	833.91	4548.3261	28.7	1
75	915.3	4551.4736	50.6	1
75	932.87	4552.1536	160.5	1
75	976.41	4553.8376	15.7	1
75	1027.9	4555.8127	673.1	1
75	1042.58	4556.3872	33.1	1
75	1094.13	4558.3458	108.2	1
75	1119.61	4559.312	25.1	1
75	1173.29	4561.3477	309.7	1
75	1192.64	4562.0803	41.6	1
75	1202.97	4562.4756	21.5	1
75	1235.43	4563.6609	522.1	1
75	1254.12	4564.4054	407.0	1
75	1265.54	4564.8354	106.6	1
75	1329.62	4567.2403	313.6	1
75	1353.74	4568.1426	89.2	1
75	1363.84	4568.5235	28.5	1
75	1429.71	4570.9722	485.8	1
75	1503.43	4573.7038	44.6	1
75	1707.38	4581.1732	55.3	1
75	1907.42	4588.4261	245.3	1
75	1930.01	4589.2668	38.8	1
75	1948.68	4589.8978	4053.0	1
75	2026.68	4592.666	139.9	1
75	2103.87	4595.4206	383.2	1
75	2123.09	4596.0967	146.4	1
75	2198.25	4598.7627	278.5	1
75	2224.9	4599.7046	7.8	1
75	2322.98	4603.1446	9.7	1
76	45.79	4457.2362	3.5	1
76	65.44	4458.0015	49.8	1
76	128.02	4460.5574	21.8	1
76	152.22	4461.5278	48.7	1
76	205.13	4463.666	20.6	1
76	245.94	4465.3406	28.6	1
76	260.76	4465.9751	6.6	1
76	320.02	4468.3208	11.6	1
76	349.97	4469.5253	71.4	1
76	386.53	4470.9906	22.3	1
76	481.55	4474.7594	1644.2	1
76	493.26	4475.2214	149.8	1
76	578.66	4478.5958	71.5	1
76	605.53	4479.6376	42.5	1
76	700.4	4483.3468	163.0	1
76	792.03	4486.8973	571.8	1
76	807.52	4487.4955	152.6	1
76	828.59	4488.3123	53.0	1
76	838.21	4488.6803	183.4	1
76	863.87	4489.6645	154.6	1
76	898.3	4490.9816	432.5	1
76	928.3	4492.1007	40.0	1
76	959.81	4493.3337	5652.1	1
76	995.48	4494.6907	35.2	1
76	1009.66	4495.2378	14.5	1
76	1038.3	4496.3155	26.2	1
76	1080.36	4497.9144	62.3	1
76	1097.14	4498.5384	311.2	1
76	1107.81	4498.9401	611.6	1
76	1135.46	4499.9832	411.8	1
76	1151.44	4500.5769	14.9	1
76	1213.98	4502.9268	503.9	1
76	1259.6	4504.6306	21.0	1
76	1275.34	4505.2167	265.4	1
76	1309.68	4506.473	139.4	1
76	1424.4	4510.7332	3239.9	1
76	1472.26	4512.4832	31.2	1
76	1492.25	4513.2231	144.0	1
76	1504.71	4513.6799	148.8	1
76	1528.97	4514.5503	10.3	1
76	1544.09	4515.1182	685.4	1
76	1597.11	4517.0352	12.2	1
76	1658.06	4519.2592	128.0	1
76	1711.89	4521.1939	357.1	1
76	1727.01	4521.7407	8.5	1
76	1742.88	4522.323	294.7	1
76	1847.46	4526.0286	7.7	1
76	2007.6	4531.7134	7.9	1
76	2023.03	4532.2577	14.7	1
76	2075.9	4534.1198	14.6	1
76	2108.64	4535.2546	85.4	1
76	2175.54	4537.6426	22.4	1
76	2271.98	4540.999	35.0	1
76	2302.36	4542.0513	1.6	1
76	2342.68	4543.4153	1.6	1
76	2388.85	4545.0519	222.6	1
77	13.4	4397.9149	4.4	1
77	49.83	4399.406	2.2	1
77	67.1	4400.0968	90.3	1
77	89.15	4400.9863	256.6	1
77	103.92	4401.581	28.3	1
77	120.6	4402.2452	4.5	1
77	137.14	4402.9271	63.8	1
77	285.58	4408.8828	310.3	1
77	310.92	4409.8991	12.0	1
77	405.11	4413.6324	9.8	1
77	427.04	4414.4863	108.5	1
77	472.0	4416.237	21.0	1
77	486.98	4416.8447	68.6	1
77	528.19	4418.4157	17.2	1
77	562.11	4419.7692	19.4	1
77	574.23	4420.2571	27.5	1
77	607.64	4421.5439	38.0	1
77	620.54	4422.0479	78.3	1
77	663.86	4423.7202	77.1	1
77	692.59	4424.8373	42.3	1
77	817.39	4429.6348	23.8	1
77	832.41	4430.189	3328.1	1
77	853.6	4430.9963	1065.0	1
77	886.63	4432.2523	128.9	1
77	905.27	4432.9628	174.5	1
77	928.5	4433.838	1167.1	1
77	958.01	4434.9564	111.9	1
77	993.18	4436.2844	41.1	1
77	1012.36	4436.9961	32.0	1
77	1058.85	4438.7464	101.9	1
77	1077.95	4439.4614	866.8	1
77	1089.18	4439.8793	194.3	1
77	1115.56	4440.8659	85.8	1
77	1135.59	4441.6084	68.3	1
77	1175.26	4443.0863	33.0	1
77	1190.88	4443.6657	92.6	1
77	1227.22	4445.0338	60.4	1
77	1251.14	4445.9012	451.1	1
77	1287.57	4447.2296	25.0	1
77	1303.79	4447.8346	72.7	1
77	1332.2	4448.8792	1342.6	1
77	1349.56	4449.5206	73.5	1
77	1384.63	4450.804	75.7	1
77	1433.01	4452.5655	387.5	1
77	1477.2	4454.1392	23.3	1
77	1493.82	4454.7738	150.6	1
77	1561.67	4457.2362	28.9	1
77	1654.32	4460.5574	110.0	1
77	1682.12	4461.5278	213.1	1
77	1742.27	4463.666	67.0	1
77	1789.0	4465.3406	59.4	1
77	1897.72	4469.1891	76.7	1
77	1949.41	4470.9906	19.5	1
77	2070.08	4475.2214	63.9	1
77	2166.69	4478.5958	16.6	1
77	2197.27	4479.6376	8.6	1
77	2260.41	4481.8107	523.2	1
77	2304.99	4483.3468	10.9	1
78	38.36	4342.4442	17.1	1
78	62.08	4343.3817	3.3	1
78	75.84	4343.9515	5.0	1
78	106.2	4345.168	69.8	1
78	137.75	4346.4367	24.5	1
78	203.95	4349.0722	37.1	1
78	234.19	4350.2717	6.6	1
78	282.93	4352.2049	180.3	1
78	314.41	4353.4487	68.4	1
78	341.12	4354.4824	12.4	1
78	362.38	4355.3205	12.0	1
78	380.64	4356.0445	12.0	1
78	420.58	4357.6132	17.1	1
78	438.9	4358.32	49.2	1
78	465.87	4359.3719	48.7	1
78	486.21	4360.1672	19.8	1
78	500.07	4360.7178	10.2	1
78	515.71	4361.3071	15.1	1
78	535.29	4362.0662	294.2	1
78	580.01	4363.7945	46.7	1
78	635.6	4365.9301	219.9	1
78	685.24	4367.8316	909.6	1
78	738.84	4369.8756	207.3	1
78	761.98	4370.7532	3819.8	1
78	777.12	4371.329	1315.5	1
78	807.83	4372.49	65.0	1
78	850.95	4374.1239	1115.4	1
78	899.67	4375.9542	1467.2	1
78	914.83	4376.5309	34.6	1
78	958.97	4378.1768	738.5	1
78	998.93	4379.6668	3266.4	1
78	1015.56	4380.2863	40.2	1
78	1045.36	4381.4018	102.3	1
78	1057.84	4381.8601	673.1	1
78	1144.32	4385.0566	1380.4	1
78	1162.62	4385.7535	19.3	1
78	1227.54	4388.1014	19.7	1
78	1250.97	4388.968	19.2	1
78	1309.6	4391.1105	774.7	1
78	1360.99	4392.974	180.5	1
78	1382.66	4393.759	58.7	1
78	1448.7	4396.1394	35.5	1
78	1457.74	4396.4783	31.8	1
78	1473.09	4397.0097	13.8	1
78	1497.08	4397.9149	62.7	1
78	1539.51	4399.406	21.6	1
78	1558.65	4400.0968	887.2	1
78	1583.73	4400.9863	2083.1	1
78	1600.56	4401.581	202.3	1
78	1619.29	4402.2452	29.5	1
78	1638.35	4402.9271	336.9	1
78	1806.93	4408.8828	536.3	1
78	1835.76	4409.8991	18.0	1
78	1968.13	4414.4863	77.5	1
78	2036.0	4416.8447	36.1	1
78	2134.54	4420.2571	8.8	1
78	2173.09	4421.5439	10.2	1
78	2187.3	4422.0479	15.4	1
78	2236.03	4423.7202	10.0	1
78	2268.88	4424.8373	4.1	1
79	30.04	4287.0808	1.9	1
79	70.53	4288.6688	5.8	1
79	149.36	4291.8098	12.4	1
79	223.86	4294.7193	7.5	1
79	245.12	4295.5849	7.3	1
79	289.26	4297.3066	27.1	1
79	360.8	4300.1008	657.0	1
79	374.91	4300.6495	163.3	1
79	423.26	4302.5261	28.2	1
79	461.1	4303.9892	14.2	1
79	486.05	4304.9565	21.1	1
79	522.84	4306.3668	19.7	1
79	544.14	4307.1762	125.6	1
79	568.85	4308.122	50.7	1
79	581.23	4308.6001	26.6	1
79	597.6	4309.2392	541.6	1
79	665.21	4311.7994	70.4	1
79	696.93	4312.9975	833.5	1
79	705.28	4313.3084	16.4	1
79	732.02	4314.3195	49.1	1
79	756.89	4315.2543	287.0	1
79	779.59	4316.1094	25.6	1
79	825.85	4317.84	12.8	1
79	841.08	4318.4157	99.1	1
79	859.32	4319.0973	14.2	1
79	887.02	4320.1264	110.0	1
79	1025.81	4325.2741	63.6	1
79	1041.52	4325.8599	31.4	1
79	1092.26	4327.7145	24.3	1
79	1125.04	4328.9154	361.4	1
79	1165.77	4330.412	34.4	1
79	1177.94	4330.8438	139.9	1
79	1187.71	4331.1995	2924.2	1
79	1210.49	4332.0297	601.3	1
79	1252.72	4333.5612	2569.4	1
79	1301.86	4335.3379	927.6	1
79	1355.43	4337.2774	595.6	1
79	1379.54	4338.1078	76.5	1
79	1456.97	4340.8954	98.4	1
79	1500.33	4342.4442	277.8	1
79	1526.66	4343.3817	28.1	1
79	1542.79	4343.9515	52.5	1
79	1613.1	4346.4367	154.1	1
79	1659.34	4348.064	5339.0	1
79	1674.06	4348.5982	33.9	1
79	1688.09	4349.0722	130.5	1
79	1722.2	4350.2717	17.2	1
79	1777.78	4352.2049	343.7	1
79	1789.82	4352.6122	43.1	1
79	1813.52	4353.4487	111.3	1
79	1844.42	4354.4824	21.7	1
79	1933.84	4357.6132	16.5	1
79	1955.79	4358.32	39.3	1
79	1985.98	4359.3719	32.4	1
79	2008.65	4360.1672	11.8	1
79	2064.22	4362.0662	111.2	1
79	2177.66	4365.9301	40.5	1
79	2233.74	4367.8316	107.9	1
79	2294.4	4369.8756	13.5	1
79	2320.53	4370.7532	168.0	1
79	2337.62	4371.329	40.2	1
79	2372.6	4372.49	1.3	1
80	83.11	4235.4636	37.9	1
80	127.51	4237.2198	103.2	1
80	226.41	4241.0948	5.8	1
80	267.52	4242.7197	2.3	1
80	282.07	4243.2611	4.5	1
80	299.97	4243.9241	2.9	1
80	394.59	4247.5988	7.9	1
80	404.02	4247.9886	13.0	1
80	415.28	4248.3908	14.9	1
80	465.25	4250.3146	346.7	1
80	477.34	4250.7749	17.5	1
80	488.02	4251.1846	143.0	1
80	549.79	4253.5385	34.9	1
80	594.65	4255.2373	28.3	1
80	621.51	4256.2537	104.8	1
80	654.55	4257.4963	471.5	1
80	665.14	4257.8982	10.7	1
80	681.87	4258.5204	62.0	1
80	704.25	4259.3619	3074.7	1
80	730.2	4260.333	65.7	1
80	747.48	4260.9845	17.9	1
80	755.75	4261.2754	11.8	1
80	791.1	4262.6124	20.1	1
80	811.14	4263.3561	15.5	1
80	890.46	4266.2864	1376.9	1
80	923.63	4267.5191	30.7	1
80	965.87	4269.0639	15.4	1
80	989.76	4269.9426	55.7	1
80	1070.14	4272.8745	93.9	1
80	1083.39	4273.3574	169.0	1
80	1101.76	4274.0246	40.3	1
80	1133.08	4275.1596	195.9	1
80	1178.9	4276.8073	58.8	1
80	1198.63	4277.5282	11741.3	1
80	1220.65	4278.3232	95.8	1
80	1240.46	4279.0627	17.5	1
80	1283.14	4280.568	113.1	1
80	1297.19	4281.0678	86.4	1
80	1306.84	4281.4145	50.3	1
80	1324.61	4282.0413	376.9	1
80	1348.6	4282.8976	295.3	1
80	1365.82	4283.5184	35.4	1
80	1407.0	4284.9749	18.8	1
80	1442.58	4286.2285	56.3	1
80	1466.49	4287.0808	21.5	1
80	1511.35	4288.6688	77.6	1
80	1600.98	4291.8098	85.5	1
80	1616.3	4292.3057	10.7	1
80	1657.44	4293.7698	10.0	1
80	1685.05	4294.7193	25.7	1
80	1709.68	4295.5849	21.0	1
80	1759.28	4297.3066	60.4	1
80	1840.17	4300.1008	837.5	1
80	1856.08	4300.6495	186.1	1
80	1910.75	4302.5261	27.3	1
80	1955.06	4303.9892	10.9	1
80	1982.73	4304.9565	14.2	1
80	2024.64	4306.3668	10.2	1
80	2048.25	4307.1762	50.9	1
80	2075.9	4308.122	17.1	1
80	2090.07	4308.6001	9.3	1
80	2184.76	4311.7994	11.3	1
80	2220.61	4312.9975	99.0	1
80	2238.42	4313.6025	3.2	1
80	2260.28	4314.3195	4.5	1
80	2288.47	4315.2543	16.3	1
80	2314.54	4316.1094	1.3	1
81	52.42	4181.8836	27.0	1
81	79.76	4182.9342	2.8	1
81	110.12	4184.1376	1.9	1
81	187.33	4187.141	1.3	1
81	279.38	4190.7129	186.4	1
81	287.55	4191.0294	153.7	1
81	322.24	4192.362	7.7	1
81	339.35	4193.0164	20.7	1
81	389.34	4194.9318	25.2	1
81	478.49	4198.317	1468.1	1
81	726.34	4207.6122	6.6	1
81	748.12	4208.4108	17.9	1
81	760.8	4208.8907	173.1	1
81	816.14	4210.9232	866.7	1
81	874.5	4213.0673	100.0	1
81	922.7	4214.8285	77.8	1
81	944.65	4215.6272	10.8	1
81	956.76	4216.0698	22.5	1
81	964.89	4216.3722	23.9	1
81	994.12	4217.4308	155.2	1
81	1028.13	4218.6649	248.7	1
81	1067.01	4220.0651	52.4	1
81	1085.3	4220.7323	20.3	1
81	1096.53	4221.153	13.3	1
81	1111.7	4221.6921	8.1	1
81	1138.33	4222.6373	315.5	1
81	1161.62	4223.4403	45.6	1
81	1182.97	4224.2413	23.3	1
81	1194.03	4224.6151	7.9	1
81	1240.83	4226.2994	25.5	1
81	1252.71	4226.7267	2106.8	1
81	1271.33	4227.3872	78.7	1
81	1293.09	4228.158	1126.3	1
81	1320.94	4229.1477	142.5	1
81	1341.35	4229.8644	202.8	1
81	1357.18	4230.4267	70.7	1
81	1368.49	4230.8242	21.9	1
81	1438.44	4233.2873	10.0	1
81	1500.64	4235.4636	597.8	1
81	1626.43	4239.7873	5.7	1
81	1649.09	4240.5947	10.0	1
81	1663.14	4241.0948	22.1	1
81	1688.72	4241.9725	5.3	1
81	1710.74	4242.7197	5.0	1
81	1726.31	4243.2611	9.9	1
81	1853.96	4247.5988	10.1	1
81	1877.15	4248.3908	17.2	1
81	1909.35	4249.4761	6.7	1
81	1933.25	4250.3146	263.5	1
81	1959.18	4251.1846	92.3	1
81	2080.38	4255.2373	9.4	1
81	2110.28	4256.2537	26.3	1
81	2147.17	4257.4963	90.5	1
81	2177.97	4258.5204	9.2	1
81	2203.18	4259.3619	396.7	1
81	2232.26	4260.333	6.4	1
81	2251.38	4260.9845	1.7	1
81	2347.44	4264.1064	1.4	1
82	58.39	4131.0021	4.0	1
82	76.55	4131.7235	119.4	1
82	102.51	4132.7533	2.9	1
82	136.88	4134.0681	11.5	1
82	174.06	4135.48	2.9	1
82	240.12	4138.0406	3.1	1
82	297.86	4140.235	6.5	1
82	334.1	4141.6321	2.8	1
82	362.42	4142.701	19.0	1
82	387.34	4143.6491	9.6	1
82	490.24	4147.5396	3.9	1
82	507.69	4148.1816	11.2	1
82	522.62	4148.7269	8.1	1
82	586.14	4151.1453	5.6	1
82	683.47	4154.7205	11.2	1
82	732.12	4156.5166	25.1	1
82	818.48	4159.6599	11.6	1
82	875.37	4161.7389	21.4	1
82	896.24	4162.509	36.9	1
82	928.12	4163.6469	19.8	1
82	942.35	4164.1795	504.5	1
82	986.31	4165.7661	158.9	1
82	1066.11	4168.6341	25.2	1
82	1119.22	4170.5333	250.1	1
82	1142.23	4171.341	13.2	1
82	1178.18	4172.6257	7.4	1
82	1201.94	4173.4475	17.7	1
82	1332.14	4178.0597	72.4	1
82	1340.79	4178.3658	38.5	1
82	1354.73	4178.8481	36.1	1
82	1472.74	4182.9342	42.9	1
82	1506.7	4184.1376	19.4	1
82	1535.96	4185.1447	11.1	1
82	1593.83	4187.141	8.6	1
82	1698.16	4190.7129	571.4	1
82	1707.33	4191.0294	434.7	1
82	1746.54	4192.362	18.0	1
82	1765.78	4193.0164	41.9	1
82	1822.09	4194.9318	35.1	1
82	1923.11	4198.317	1136.4	1
82	1993.96	4200.6745	1066.1	1
82	2227.8	4208.4108	2.2	1
82	2241.37	4208.8907	14.6	1
82	2303.71	4210.9232	33.3	1
82	2380.0	4213.3779	0.7	1
83	46.14	4080.7058	10.7	1
83	64.12	4081.3678	1.4	1
83	90.66	4082.3872	5.2	1
83	118.27	4083.4688	2.8	1
83	159.76	4085.0421	3.0	1
83	169.09	4085.4341	2.6	1
83	198.43	4086.5205	12.9	1
83	256.08	4088.7264	4.0	1
83	266.97	4089.1379	6.7	1
83	386.85	4093.6713	4.7	1
83	415.71	4094.747	40.9	1
83	451.39	4096.0759	9.1	1
83	496.02	4097.7478	51.8	1
83	522.73	4098.7316	9.2	1
83	565.96	4100.3414	158.3	1
83	627.73	4102.6177	13.4	1
83	662.39	4103.9121	736.7	1
83	675.36	4104.3821	6.5	1
83	688.52	4104.8385	5.8	1
83	717.78	4105.915	10.7	1
83	748.72	4107.0506	15.8	1
83	770.89	4107.8614	13.3	1
83	786.37	4108.4198	63.7	1
83	811.26	4109.3234	27.8	1
83	852.79	4110.826	30.4	1
83	990.08	4115.7589	96.5	1
83	1016.77	4116.7137	123.0	1
83	1066.88	4118.4893	11.4	1
83	1224.0	4124.0403	11.5	1
83	1320.23	4127.412	57.4	1
83	1338.74	4128.0499	14.1	1
83	1355.84	4128.64	57.2	1
83	1423.99	4131.0021	121.6	1
83	1444.88	4131.7235	2808.4	1
83	1474.41	4132.7533	41.2	1
83	1513.02	4134.0681	140.1	1
83	1554.24	4135.48	18.5	1
83	1629.46	4138.0406	14.3	1
83	1694.49	4140.235	20.7	1
83	1735.84	4141.6321	6.8	1
83	1767.48	4142.701	37.4	1
83	1795.41	4143.6491	16.0	1
83	1932.29	4148.1816	9.7	1
83	1948.1	4148.7269	6.7	1
83	2129.15	4154.7205	2.7	1
83	2184.03	4156.5166	3.8	1
83	2281.29	4159.6599	1.1	1
83	2367.71	4162.509	1.2	1
84	137.09	4035.46	5.8	1
84	152.5	4036.0479	22.4	1
84	225.26	4038.8043	2.7	1
84	253.01	4039.8648	1.7	1
84	333.72	4042.8937	99.5	1
84	347.11	4043.3948	16.2	1
84	374.47	4044.4179	81.7	1
84	387.44	4044.9269	2.3	1
84	396.48	4045.2268	2.4	1
84	416.11	4045.9654	10.2	1
84	457.03	4047.4815	3.2	1
84	479.08	4048.2876	5.2	1
84	511.77	4049.5361	2.6	1
84	523.34	4049.9447	9.9	1
84	549.16	4050.8872	8.3	1
84	621.08	4053.5277	22.2	1
84	648.28	4054.5258	9.9	1
84	743.15	4057.9412	3.6	1
84	778.72	4059.2529	32.5	1
84	894.46	4063.4071	50.2	1
84	920.25	4064.3315	17.9	1
84	956.55	4065.6187	4.5	1
84	1008.14	4067.4507	30.2	1
84	1057.71	4069.2014	40.4	1
84	1087.05	4070.2383	28.9	1
84	1137.42	4071.9967	1517.1	1
84	1148.25	4072.3849	360.1	1
84	1190.25	4073.8563	14.7	1
84	1212.74	4074.642	4.3	1
84	1237.6	4075.503	57.2	1
84	1248.81	4075.907	6.0	1
84	1270.04	4076.6284	161.5	1
84	1279.08	4076.9432	97.0	1
84	1318.23	4078.3015	4.4	1
84	1334.52	4078.8751	6.5	1
84	1355.25	4079.5738	219.2	1
84	1407.4	4081.3678	29.0	1
84	1437.12	4082.3872	124.4	1
84	1468.74	4083.4688	46.7	1
84	1514.86	4085.0421	34.9	1
84	1526.28	4085.4341	26.4	1
84	1558.44	4086.5205	105.4	1
84	1580.91	4087.2848	15.3	1
84	1623.52	4088.7264	21.5	1
84	1635.85	4089.1379	28.9	1
84	1701.86	4091.3476	4.6	1
84	1771.01	4093.6713	8.7	1
84	1803.35	4094.747	62.5	1
84	1843.47	4096.0759	9.6	1
84	1893.94	4097.7478	46.5	1
84	1972.97	4100.3414	84.6	1
84	2096.76	4104.3821	2.5	1
84	2110.48	4104.8385	1.9	1
84	2143.7	4105.915	2.2	1
84	2177.4	4107.0506	2.5	1
84	2202.65	4107.8614	1.5	1
84	2220.68	4108.4198	5.3	1
84	2248.59	4109.3234	2.4	1
84	2295.48	4110.826	1.7	1
84	2354.64	4112.7545	1.6	1
