57	328.0	3925.7188	618.0	0.0
57	541.0	3946.1455	1397.6	0.0
56	318.0	3994.7918	1302.3	0.0
56	824.0	4042.8937	2069.0	0.0
55	363.0	4071.9967	11239.7	0.0
55	690.0	4103.9121	6283.5	0.0
55	993.0	4131.7235	3841.6	0.0
54	212.0	4131.7235	12043.7	0.0
54	473.0	4158.5905	37913.9	0.0
54	884.0	4198.317	12692.9	0.0
53	475.0	4237.2198	7399.8	0.0
53	884.0	4277.5282	24359.4	0.0
53	223.0	4210.9232	814.2	0.0
52	141.0	4282.8976	743.4	0.0
52	384.0	4309.2392	5969.0	0.0
52	764.0	4348.064	27685.9	0.0
52	969.0	4367.8316	1788.5	0.0
51	256.0	4379.6668	12077.5	0.0
51	691.0	4426.0011	29824.4	0.0
50	323.0	4474.7594	14481.8	0.0
50	655.0	4510.7332	24148.0	0.0
50	994.0	4545.0519	20217.5	0.0
49	440.0	4579.3495	44606.5	0.0
49	718.0	4609.5673	69083.1	0.0
48	294.0	4657.9012	63618.5	0.0
48	920.0	4726.8688	21288.8	0.0
47	360.0	4764.8646	128049.1	0.0
47	721.0	4806.0205	40859.3	0.0
46	456.0	4879.8635	101430.4	0.0
45	267.0	4965.0795	41020.8	0.0
45	700.0	5017.1628	17995.7	0.0
44	144.0	5062.0371	7905.6	0.0
44	366.0	5090.5455	7617.0	0.0
44	790.0	5141.7827	7592.0	0.0
43	204.0	5187.7462	9256.5	0.0
43	542.0	5231.1597	4472.5	0.0
42	448.0	5343.5812	2728.1	0.0
41	615.0	5495.8738	15789.6	0.0
40	276.0	5587.0263	4643.2	0.0
40	418.0	5606.733	25137.5	0.0
40	749.0	5650.7048	6653.0	0.0
39	242.0	5725.3885	1009.6	0.0
39	490.0	5760.5508	25462.5	0.0
39	814.0	5804.1412	4421.0	0.0
38	287.0	5882.6242	5021.9	0.0
38	490.0	5912.0858	26176.1	0.0
38	941.0	5973.6649	2711.7	0.0
37	792.0	6114.9234	14285.2	0.0
37	405.0	6059.3725	9741.6	0.0
36	878.0	6296.8722	2709.8	0.0
36	507.0	6243.1201	3099.0	0.0
35	473.0	6416.3071	31336.3	0.0
35	744.0	6457.2824	4503.9	0.0
34	302.0	6577.2146	1492.9	0.0
34	472.0	6604.8534	5309.8	0.0
34	947.0	6677.2817	13846.7	0.0
33	891.0	6871.2891	22601.9	0.0
32	772.0	7067.2181	197797.0	0.0
32	547.0	7030.2514	24772.4	0.0
31	640.0	7272.9359	100445.6	0.0
56	424.44	4005.3628	149.0	1.0
56	441.43	4007.0188	36.0	1.0
56	567.79	4019.1289	272.4	1.0
56	742.76	4035.46	514.9	1.0
56	779.06	4038.8043	109.8	1.0
56	840.9	4044.4179	1809.5	1.0
56	857.52	4045.9654	171.2	1.0
55	336.45	4069.2833	82.0	1.0
55	397.91	4075.503	121.2	1.0
55	438.82	4079.5738	1634.9	1.0
55	449.74	4080.7058	2996.9	1.0
55	467.27	4082.3872	1006.2	1.0
55	509.33	4086.5205	142.3	1.0
55	594.04	4094.747	156.8	1.0
55	652.31	4100.3414	404.7	1.0
55	747.66	4109.3234	54.6	1.0
55	784.48	4112.7545	560.7	1.0
55	817.0	4115.7589	98.1	1.0
54	170.45	4127.412	57.2	1.0
54	182.4	4128.64	213.4	1.0
54	233.99	4134.0681	179.4	1.0
54	293.56	4140.235	54.4	1.0
54	375.5	4148.7269	59.7	1.0
54	434.47	4154.7205	56.6	1.0
54	512.54	4162.509	104.1	1.0
54	529.11	4164.1795	4867.0	1.0
54	545.0	4165.7661	220.6	1.0
54	593.39	4170.5333	254.0	1.0
54	673.52	4178.3658	227.3	1.0
54	710.24	4181.8836	4973.0	1.0
54	721.54	4182.9342	167.3	1.0
54	910.04	4200.6745	11789.2	1.0
53	204.07	4208.8907	144.7	1.0
53	243.44	4213.0673	132.6	1.0
53	260.13	4214.8285	127.9	1.0
53	284.55	4217.4308	885.2	1.0
53	296.25	4218.6649	1029.8	1.0
53	309.6	4220.0651	70.9	1.0
53	333.95	4222.6373	1574.9	1.0
53	375.27	4226.9876	2195.6	1.0
53	386.82	4228.158	5894.0	1.0
53	403.3	4229.8644	1417.6	1.0
53	436.13	4233.2873	44.9	1.0
53	457.4	4235.4636	859.0	1.0
53	512.54	4241.0948	64.9	1.0
53	531.48	4243.0195	56.2	1.0
53	604.19	4250.3146	820.0	1.0
53	612.87	4251.1846	2146.9	1.0
53	636.38	4253.5385	100.3	1.0
53	676.47	4257.4963	620.4	1.0
53	695.52	4259.3619	27154.2	1.0
53	804.57	4269.9426	79.9	1.0
53	827.76	4272.1689	10266.5	1.0
53	847.48	4274.0246	59.0	1.0
53	859.17	4275.1596	420.2	1.0
53	916.6	4280.568	72.4	1.0
53	941.56	4282.8976	468.5	1.0
53	948.91	4283.5184	33.6	1.0
53	978.14	4286.2285	50.8	1.0
52	44.44	4272.1689	4641.3	1.0
52	71.3	4275.1596	261.0	1.0
52	92.58	4277.5282	20778.8	1.0
52	120.42	4280.568	87.1	1.0
52	193.24	4288.6688	86.5	1.0
52	222.67	4291.8098	111.0	1.0
52	299.12	4300.1008	13315.4	1.0
52	344.06	4304.9565	89.2	1.0
52	365.08	4307.1762	219.5	1.0
52	420.08	4312.9975	1039.4	1.0
52	441.65	4315.2543	359.8	1.0
52	452.57	4316.3726	129.6	1.0
52	471.59	4318.4157	131.1	1.0
52	538.29	4325.2741	95.3	1.0
52	573.73	4328.9154	360.2	1.0
52	595.66	4331.1995	13165.7	1.0
52	618.85	4333.5612	15947.3	1.0
52	636.39	4335.3379	5658.7	1.0
52	691.28	4340.8954	133.6	1.0
52	706.97	4342.4442	279.6	1.0
52	734.4	4345.168	3970.3	1.0
52	805.84	4352.2049	2125.9	1.0
52	818.54	4353.4487	168.7	1.0
52	879.49	4359.3719	69.0	1.0
52	907.76	4362.0662	1036.9	1.0
52	948.29	4365.9301	91.5	1.0
51	205.97	4374.1239	782.3	1.0
51	222.45	4375.9542	5604.0	1.0
51	242.45	4378.1768	512.0	1.0
51	275.69	4381.8601	291.2	1.0
51	304.87	4385.0566	6395.6	1.0
51	360.35	4391.1105	455.3	1.0
51	377.47	4392.974	165.3	1.0
51	443.74	4400.0968	5875.5	1.0
51	452.0	4400.9863	14321.7	1.0
51	470.02	4402.9271	529.1	1.0
51	526.42	4408.8828	1112.1	1.0
51	602.5	4416.8447	208.4	1.0
51	652.89	4422.0479	164.5	1.0
51	732.53	4430.189	12581.3	1.0
51	768.65	4433.838	3525.2	1.0
51	800.5	4436.9961	76.1	1.0
51	825.14	4439.4614	2060.6	1.0
51	889.92	4445.9012	221.9	1.0
51	920.64	4448.8792	2172.1	1.0
51	940.61	4450.804	50.3	1.0
51	958.84	4452.5655	130.2	1.0
50	238.66	4465.3406	92.6	1.0
50	265.46	4468.3208	50.8	1.0
50	275.87	4469.5253	165.6	1.0
50	356.97	4478.5958	172.2	1.0
50	366.8	4479.6376	92.2	1.0
50	386.32	4481.8107	29112.8	1.0
50	400.18	4483.3468	211.5	1.0
50	432.6	4486.8973	576.5	1.0
50	457.92	4489.6645	141.2	1.0
50	470.1	4490.9816	2181.1	1.0
50	491.7	4493.3337	5158.6	1.0
50	553.47	4499.9832	283.6	1.0
50	581.16	4502.9268	2034.4	1.0
50	602.65	4505.2167	226.8	1.0
50	614.84	4506.473	149.8	1.0
50	696.94	4515.1182	632.3	1.0
50	736.84	4519.2592	160.9	1.0
50	755.72	4521.1939	426.9	1.0
50	766.59	4522.323	2241.1	1.0
50	847.48	4530.5523	1386.5	1.0
50	918.38	4537.6426	234.1	1.0
50	952.4	4540.999	118.9	1.0
49	233.26	4555.8127	414.5	1.0
49	255.21	4558.3458	79.7	1.0
49	332.75	4567.2403	233.8	1.0
49	522.37	4588.4261	512.5	1.0
49	535.88	4589.8978	58695.8	1.0
49	561.2	4592.666	386.6	1.0
49	592.7	4596.0967	4595.7	1.0
49	617.4	4598.7627	8587.3	1.0
49	657.86	4603.1446	151.7	1.0
49	703.35	4607.9347	162.3	1.0
49	813.14	4619.4794	85.1	1.0
49	829.17	4621.1629	119.2	1.0
49	848.49	4623.1169	41.0	1.0
49	859.84	4624.314	57.4	1.0
49	871.68	4625.4938	49.2	1.0
49	900.34	4628.4409	1206.7	1.0
49	987.73	4637.2328	1617.9	1.0
49	1002.07	4638.6849	64.8	1.0
48	339.8	4663.2026	543.4	1.0
48	398.53	4669.9842	605.1	1.0
48	430.74	4673.6609	2625.2	1.0
48	451.82	4676.0555	512.4	1.0
48	516.38	4683.3517	254.4	1.0
48	541.78	4686.1946	835.3	1.0
48	581.64	4690.6219	309.0	1.0
48	590.24	4691.6354	382.4	1.0
48	621.52	4695.0381	977.7	1.0
48	650.75	4698.2248	75.0	1.0
48	674.03	4700.7711	80.9	1.0
48	688.07	4702.3161	4640.0	1.0
48	703.44	4703.9898	3190.9	1.0
48	719.72	4705.7606	162.5	1.0
48	743.48	4708.294	166.8	1.0
48	767.17	4710.8238	237.8	1.0
48	782.84	4712.4814	210.2	1.0
48	868.75	4721.591	657.1	1.0
48	886.56	4723.4382	1796.5	1.0
48	919.56	4726.8683	21288.8	1.0
48	941.43	4729.1282	187.6	1.0
48	956.6	4730.6593	91.1	1.0
48	970.01	4732.0532	3018.9	1.0
48	1007.9	4735.9058	7176.2	1.0
47	229.3	4749.2002	420.5	1.0
47	296.09	4757.2196	620.8	1.0
47	375.11	4766.6006	850.7	1.0
47	475.47	4778.294	3532.0	1.0
47	514.12	4782.7612	96.6	1.0
47	572.36	4789.3868	1052.8	1.0
47	596.34	4792.0819	570.4	1.0
47	630.09	4795.9131	176.0	1.0
47	740.14	4808.1337	1620.6	1.0
47	753.69	4809.614	473.0	1.0
47	779.28	4812.3755	93.7	1.0
47	821.75	4817.0206	63.2	1.0
47	841.94	4819.193	83.6	1.0
47	857.73	4820.8847	288.5	1.0
47	876.29	4822.8548	676.9	1.0
47	954.81	4831.1213	472.9	1.0
47	970.79	4832.8025	102.8	1.0
46	232.61	4852.8685	164.6	1.0
46	316.76	4863.1724	805.6	1.0
46	363.84	4868.8814	316.8	1.0
46	397.56	4872.9169	1119.1	1.0
46	409.46	4874.3645	446.3	1.0
46	476.04	4882.2432	1963.9	1.0
46	533.95	4889.0422	17632.8	1.0
46	566.05	4892.7592	189.1	1.0
46	584.53	4894.9551	5095.9	1.0
46	621.76	4899.2401	141.2	1.0
46	646.39	4902.0545	314.0	1.0
46	670.17	4904.7516	4318.3	1.0
46	717.98	4910.1576	228.7	1.0
46	804.57	4919.8157	710.0	1.0
46	926.99	4933.2091	3169.4	1.0
46	960.49	4936.7746	94.0	1.0
45	240.87	4961.726	121.0	1.0
45	296.79	4968.7556	125.9	1.0
45	307.29	4970.0785	173.0	1.0
45	324.21	4972.1597	3189.6	1.0
45	389.24	4980.1859	271.3	1.0
45	408.0	4982.4875	446.1	1.0
45	431.59	4985.3725	1026.6	1.0
45	491.36	4992.6372	202.0	1.0
45	570.87	5002.0972	1921.3	1.0
45	632.32	5009.3344	10580.5	1.0
45	722.28	5019.8062	440.6	1.0
45	741.87	5022.0051	169.6	1.0
45	799.9	5028.6556	707.4	1.0
45	894.28	5039.2303	571.8	1.0
44	166.28	5064.9454	1183.7	1.0
44	190.14	5067.9737	2198.5	1.0
44	241.89	5074.6465	71.3	1.0
44	282.96	5079.9079	94.4	1.0
44	294.92	5081.4462	264.6	1.0
44	322.17	5084.9935	185.7	1.0
44	414.09	5096.4848	718.8	1.0
44	447.38	5100.6211	835.1	1.0
44	533.36	5111.2781	393.3	1.0
44	564.71	5115.0448	1861.8	1.0
44	590.65	5118.2023	1148.6	1.0
44	752.89	5137.4733	175.4	1.0
44	820.34	5145.3083	4174.0	1.0
44	845.56	5148.2115	80.4	1.0
44	854.42	5149.2069	79.6	1.0
44	898.4	5154.243	582.6	1.0
43	265.74	5195.8136	1073.0	1.0
43	276.4	5197.236	95.7	1.0
43	291.29	5199.1637	2649.6	1.0
43	384.45	5211.2305	2123.0	1.0
43	401.04	5213.3492	634.4	1.0
43	463.31	5221.271	5443.0	1.0
43	518.66	5228.2246	183.1	1.0
43	609.69	5239.552	469.2	1.0
43	675.92	5247.6547	490.4	1.0
43	732.06	5254.4648	768.0	1.0
43	764.56	5258.3602	1538.1	1.0
43	835.47	5266.7103	712.8	1.0
43	888.76	5272.927	118.5	1.0
43	898.31	5274.1188	223.6	1.0
42	321.44	5326.9756	913.7	1.0
42	342.34	5329.7559	561.5	1.0
42	682.96	5373.4943	865.2	1.0
42	693.96	5374.8219	419.4	1.0
42	746.91	5381.3709	72.8	1.0
42	759.54	5382.9276	121.6	1.0
42	789.64	5386.6107	695.9	1.0
42	857.05	5394.7608	518.2	1.0
42	880.2	5397.516	457.9	1.0
42	892.05	5398.9219	319.0	1.0
42	923.0	5402.6048	443.1	1.0
41	283.11	5451.652	5747.3	1.0
41	363.53	5462.6129	129.6	1.0
41	375.24	5464.2055	625.9	1.0
41	397.19	5467.1704	643.2	1.0
41	486.64	5479.0751	142.8	1.0
41	570.88	5490.1194	507.7	1.0
41	603.2	5494.3306	238.9	1.0
41	681.04	5504.3018	548.1	1.0
41	799.46	5519.2353	195.6	1.0
41	820.08	5521.7532	70.3	1.0
41	845.68	5524.957	957.3	1.0
40	240.05	5581.9668	641.2	1.0
40	333.85	5595.0635	1515.2	1.0
40	351.18	5597.4756	1814.1	1.0
40	481.09	5615.3195	2519.4	1.0
40	558.22	5625.6782	487.9	1.0
40	733.46	5648.6863	1528.0	1.0
40	804.81	5657.9255	244.9	1.0
40	814.5	5659.1272	831.9	1.0
40	845.3	5663.042	133.0	1.0
39	258.26	5727.7103	135.0	1.0
39	274.4	5729.9823	129.1	1.0
39	316.55	5736.0297	178.5	1.0
39	340.73	5739.5196	5585.9	1.0
39	356.99	5741.829	872.0	1.0
39	395.15	5747.1931	167.8	1.0
39	405.96	5748.7412	821.6	1.0
39	436.11	5753.0265	865.1	1.0
39	511.54	5763.529	1102.1	1.0
39	574.32	5772.1143	2323.5	1.0
39	587.71	5773.9463	828.1	1.0
39	752.4	5796.0683	280.2	1.0
39	770.52	5798.478	128.8	1.0
39	788.42	5800.8297	1377.6	1.0
39	798.0	5802.0798	1444.5	1.0
39	825.57	5805.7017	99.7	1.0
39	901.14	5815.4219	173.3	1.0
38	443.97	5905.5707	521.8	1.0
38	489.59	5912.0853	26176.1	1.0
38	507.58	5914.6709	1839.1	1.0
38	537.83	5918.9442	319.4	1.0
38	910.71	5969.7373	96.8	1.0
38	925.21	5971.6008	623.1	1.0
37	244.49	6035.1923	207.5	1.0
37	260.93	6037.6975	2855.2	1.0
37	419.35	6061.5361	147.8	1.0
37	441.18	6064.7508	721.7	1.0
37	470.36	6069.0207	315.5	1.0
37	497.84	6073.1036	229.2	1.0
37	553.98	6081.2433	613.4	1.0
36	233.35	6201.1002	647.8	1.0
36	248.61	6203.4925	4297.4	1.0
36	363.28	6221.3192	226.2	1.0
36	384.12	6224.5272	1617.4	1.0
36	396.2	6226.3697	652.0	1.0
36	439.23	6232.9745	155.5	1.0
36	451.58	6234.8554	730.3	1.0
36	484.15	6239.7121	355.4	1.0
36	492.19	6240.9536	272.4	1.0
36	541.96	6248.4055	987.8	1.0
36	603.47	6257.4237	484.6	1.0
36	795.69	6285.278	104.6	1.0
35	224.99	6376.9305	728.5	1.0
35	330.36	6393.7972	583.3	1.0
35	364.08	6399.2065	779.8	1.0
35	388.18	6403.0128	789.1	1.0
35	444.79	6411.8991	2219.9	1.0
35	515.64	6422.8969	606.6	1.0
34	256.45	6569.6322	125.4	1.0
34	370.89	6588.5396	7179.1	1.0
34	388.98	6591.4845	8230.5	1.0
34	404.21	6593.9391	1582.4	1.0
34	417.54	6596.1141	423.7	1.0
33	276.5	6772.1745	93.4	1.0
33	312.22	6778.3123	605.2	1.0
33	389.02	6791.2351	221.6	1.0
33	765.0	6851.8842	419.8	1.0
33	914.35	6874.753	269.2	1.0
32	285.71	6985.4718	125.7	1.0
32	309.43	6989.6553	2493.5	1.0
32	477.39	7018.5675	1266.4	1.0
32	516.69	7025.2251	339.9	1.0
32	822.82	7075.3336	103.0	1.0
32	879.55	7084.169	432.2	1.0
32	895.82	7086.7044	546.9	1.0
31	626.36	7270.6636	1266.1	1.0
30	324.69	7458.7541	75.6	1.0
30	836.67	7549.3138	87.9	1.0
28	63.31	7924.9914	35.2	1.0
28	333.48	7993.6808	48.8	1.0
28	607.32	8046.1169	145.2	1.0
55	40.73	4038.8043	40.4	1.0
55	79.77	4042.8937	1087.3	1.0
55	94.3	4044.4179	1119.5	1.0
55	108.68	4045.9654	127.3	1.0
55	123.97	4047.4815	32.7	1.0
55	131.77	4048.2876	26.3	1.0
55	147.53	4049.9447	31.3	1.0
55	175.99	4052.9208	2896.5	1.0
55	191.52	4054.5258	109.6	1.0
55	237.34	4059.2529	58.1	1.0
55	277.92	4063.4071	89.0	1.0
55	287.03	4064.3315	44.0	1.0
55	317.64	4067.4507	58.5	1.0
55	496.78	4085.2564	103.3	1.0
55	737.78	4108.4198	77.7	1.0
55	945.1	4127.412	39.5	1.0
55	958.84	4128.64	106.1	1.0
54	271.89	4138.0406	53.0	1.0
54	848.0	4194.9318	60.2	1.0
53	106.3	4198.317	11978.4	1.0
53	128.04	4200.6745	14074.7	1.0
52	653.91	4337.0708	1955.4	1.0
52	925.91	4363.7945	153.1	1.0
52	999.65	4370.7532	4658.7	1.0
51	32.35	4354.4824	41.7	1.0
51	98.54	4362.0662	1076.6	1.0
51	113.89	4363.7945	211.0	1.0
51	132.81	4365.9301	141.0	1.0
51	149.71	4367.8316	3623.2	1.0
51	175.88	4370.7532	13024.4	1.0
51	407.2	4396.1394	74.8	1.0
50	27.13	4440.8659	34.7	1.0
50	112.12	4450.804	67.7	1.0
50	126.92	4452.5655	209.0	1.0
50	140.96	4454.1392	122.5	1.0
50	174.34	4458.0015	333.7	1.0
50	196.84	4460.5574	531.6	1.0
50	540.46	4498.5384	1367.7	1.0
50	627.87	4507.8339	170.8	1.0
49	17.8	4530.3191	716.5	1.0
49	40.03	4533.077	54.8	1.0
49	140.69	4545.0519	45183.1	1.0
49	163.79	4547.7589	462.7	1.0
49	201.56	4552.1536	106.4	1.0
49	365.96	4570.9722	397.1	1.0
48	182.72	4644.7072	60.8	1.0
47	171.2	4742.1174	124.4	1.0
47	197.01	4745.3375	106.7	1.0
47	328.9	4761.1101	104.9	1.0
47	524.13	4783.8617	232.8	1.0
47	912.37	4826.7004	284.7	1.0
46	135.68	4840.8492	1168.2	1.0
46	160.45	4843.9413	252.5	1.0
46	170.16	4845.1626	111.3	1.0
46	191.73	4847.8095	17046.9	1.0
46	212.64	4850.4397	160.0	1.0
46	353.1	4867.556	717.9	1.0
46	384.07	4871.289	297.2	1.0
46	876.76	4927.7803	177.2	1.0
46	970.03	4937.8295	167.4	1.0
46	987.05	4939.6422	298.7	1.0
45	121.83	4946.6637	128.6	1.0
45	501.24	4993.7488	286.5	1.0
45	810.68	5029.8916	210.6	1.0
45	944.09	5044.7195	977.9	1.0
45	965.25	5047.0434	205.6	1.0
45	999.73	5050.7842	175.3	1.0
44	12.85	5044.7195	911.2	1.0
44	30.4	5047.0434	233.5	1.0
44	58.64	5050.7842	281.7	1.0
44	66.97	5051.8887	148.1	1.0
44	93.23	5055.3473	135.0	1.0
44	698.28	5131.072	82.8	1.0
44	729.53	5134.746	358.1	1.0
44	937.11	5158.6041	1501.0	1.0
44	970.08	5162.2846	2960.2	1.0
44	1001.33	5165.7728	536.5	1.0
43	151.4	5180.7209	61.9	1.0
43	558.09	5233.2254	152.5	1.0
43	779.04	5260.1041	297.2	1.0
42	191.91	5309.6093	283.8	1.0
42	233.73	5315.2278	317.9	1.0
42	576.41	5360.1501	453.4	1.0
42	595.54	5362.5751	277.5	1.0
42	660.41	5370.7096	206.8	1.0
41	641.42	5499.2554	3169.7	1.0
41	695.15	5506.1128	3031.2	1.0
41	725.78	5509.9938	677.9	1.0
41	865.21	5527.2953	79.5	1.0
41	963.58	5539.2618	746.7	1.0
40	288.51	5588.7506	1259.3	1.0
40	323.27	5593.6129	247.3	1.0
40	614.95	5633.295	293.8	1.0
40	748.66	5650.7043	6653.0	1.0
40	862.45	5665.1799	546.2	1.0
40	957.83	5677.0529	197.9	1.0
40	973.46	5679.005	53.7	1.0
39	612.75	5777.4006	131.2	1.0
39	703.55	5789.6451	849.1	1.0
39	724.63	5792.4304	550.6	1.0
39	761.54	5797.3194	108.5	1.0
39	841.29	5807.6814	83.3	1.0
38	190.62	5868.3745	141.8	1.0
38	307.63	5885.7016	1081.3	1.0
38	327.19	5888.5841	13102.6	1.0
38	336.51	5889.9531	4266.1	1.0
38	346.72	5891.451	712.3	1.0
38	608.27	5928.813	8504.2	1.0
38	722.89	5944.6472	433.3	1.0
38	870.98	5964.4723	226.2	1.0
38	900.18	5968.3199	273.6	1.0
38	1005.19	5982.096	116.2	1.0
37	224.48	6032.1274	41021.8	1.0
37	297.3	6043.2233	20747.9	1.0
37	321.54	6046.8977	947.8	1.0
37	335.88	6049.051	1708.6	1.0
37	348.66	6050.9818	269.9	1.0
37	360.38	6052.7229	4455.0	1.0
37	601.14	6088.0305	1033.4	1.0
37	676.8	6098.8031	4369.9	1.0
37	725.42	6105.6351	4431.2	1.0
37	738.88	6107.5337	207.8	1.0
37	827.33	6119.6998	380.5	1.0
37	853.96	6123.3619	606.0	1.0
37	883.79	6127.416	734.1	1.0
36	52.58	6172.2778	10319.9	1.0
36	90.85	6178.4315	430.7	1.0
36	105.02	6180.705	341.4	1.0
36	116.89	6182.6217	10174.4	1.0
36	151.37	6188.1251	954.8	1.0
36	175.21	6191.9053	1118.9	1.0
36	187.4	6193.8563	126.6	1.0
36	215.12	6198.2227	1689.9	1.0
36	272.42	6207.2201	2119.4	1.0
36	328.43	6215.9383	4078.5	1.0
36	354.68	6220.0112	332.8	1.0
36	717.41	6274.1166	456.5	1.0
36	731.83	6276.1646	210.6	1.0
36	749.34	6278.6453	341.1	1.0
36	924.39	6303.2507	107.4	1.0
36	956.55	6307.657	2466.3	1.0
36	967.59	6309.16	272.8	1.0
36	979.49	6310.8101	175.8	1.0
35	96.26	6355.63	343.2	1.0
35	273.27	6384.7169	9300.0	1.0
35	290.11	6387.3957	536.3	1.0
35	313.48	6391.1774	113.6	1.0
35	486.38	6418.3703	798.8	1.0
35	572.32	6431.555	1201.4	1.0
35	640.65	6441.8994	591.7	1.0
35	653.76	6443.8598	583.2	1.0
35	673.19	6446.7712	128.2	1.0
35	695.06	6450.006	155.5	1.0
35	922.6	6483.0825	2105.9	1.0
35	976.95	6490.7372	267.7	1.0
35	1000.0	6493.9694	252.5	1.0
34	342.51	6583.906	8189.7	1.0
34	433.63	6598.6778	379.3	1.0
34	645.31	6632.0837	524.9	1.0
34	685.19	6638.2207	2815.1	1.0
34	694.95	6639.7403	1954.7	1.0
34	720.99	6643.6976	4385.1	1.0
34	808.7	6656.9386	450.5	1.0
34	833.81	6660.6761	1249.9	1.0
34	844.42	6662.2686	1268.9	1.0
34	872.14	6666.3588	1896.4	1.0
34	888.57	6668.8163	80.4	1.0
34	929.06	6674.6969	335.0	1.0
33	493.72	6808.5311	377.2	1.0
33	608.9	6827.2488	1180.7	1.0
33	620.0	6829.0355	418.8	1.0
33	656.95	6834.9246	907.2	1.0
33	840.37	6863.535	390.5	1.0
33	872.69	6868.4508	76.2	1.0
33	969.34	6882.8114	51.1	1.0
32	728.07	7060.0417	105.6	1.0
31	295.82	7212.6896	163.0	1.0
31	594.06	7265.1724	1971.2	1.0
31	900.15	7316.005	1700.0	1.0
30	29.0	7392.9801	83.2	1.0
28	560.28	8037.2183	158.8	1.0
57	176.73	3910.7734	15.7	1.0
57	232.89	3916.4176	38.7	1.0
57	357.83	3928.6233	676.9	1.0
57	384.96	3931.2566	75.8	1.0
57	571.88	3948.9789	1281.4	1.0
57	587.08	3950.3951	165.1	1.0
57	612.25	3952.7608	115.9	1.0
57	655.45	3956.6908	28.6	1.0
57	683.46	3959.3	31.1	1.0
57	773.08	3967.3921	92.4	1.0
57	826.95	3972.1545	39.8	1.0
57	852.99	3974.4766	205.0	1.0
57	908.42	3979.3559	213.8	1.0
57	937.44	3981.8281	20.7	1.0
56	116.64	3974.4766	161.1	1.0
56	164.18	3979.3559	291.8	1.0
56	290.09	3992.0535	132.6	1.0
56	302.24	3993.2989	40.0	1.0
56	389.53	4001.8935	56.9	1.0
56	453.93	4008.2102	93.4	1.0
56	498.49	4012.4952	167.6	1.0
56	512.65	4013.8566	1143.1	1.0
56	627.14	4024.8025	67.1	1.0
56	651.41	4027.0091	91.1	1.0
56	681.04	4029.8256	65.1	1.0
56	692.61	4030.8424	267.7	1.0
56	874.85	4047.4815	33.2	1.0
56	936.41	4052.9208	1598.8	1.0
56	954.54	4054.5258	56.5	1.0
56	188.16	3981.8281	20.7	1.0
57	556.22	3947.5046	311.5	1.0
53	57.93	4193.0164	46.5	1.0
53	585.46	4248.3908	80.8	1.0
53	1003.64	4288.6688	33.1	1.0
45	45.22	4936.7746	117.1	1.0
45	112.46	4945.4587	1002.4	1.0
41	65.63	5421.6628	1540.5	1.0
41	993.81	5542.89	141.0	1.0
40	709.36	5645.6688	423.3	1.0
38	951.89	5975.0648	755.4	1.0
34	856.47	6664.051	1346.6	1.0
33	825.63	6861.2688	1762.0	1.0
57	521.67	3944.2534	232.3	1
56	16.54	3964.0302	14.6	1
54	33.44	4112.7545	179.6	1
54	61.45	4115.7589	45.4	1
50	896.25	4535.4903	316.6	1
49	932.74	4631.7617	67.9	1
45	67.17	4939.6422	464.0	1
43	446.51	5219.1099	942.4	1
37	967.63	6138.6465	431.0	1
