51	111.26	6937.6642	22500.9	0.0
51	401.86	6989.6553	7065.5	0.0
51	416.94	6992.2126	2999.1	0.0
52	238.78	6827.2488	2233.5	0.0
52	438.32	6861.2688	6195.0	0.0
52	764.66	6911.2264	12033.5	0.0
53	59.2	6666.3588	2165.5	0.0
53	119.24	6677.2817	25726.3	0.0
53	664.74	6766.6117	7593.3	0.0
54	32.69	6538.112	1393.2	0.0
54	423.74	6604.8534	5693.3	0.0
54	681.37	6643.6976	6022.1	0.0
54	847.43	6666.3588	2598.5	0.0
55	16.46	6416.3071	7165.7	0.0
55	253.4	6457.2824	4690.3	0.0
55	742.48	6531.3418	2207.9	0.0
55	792.98	6538.112	2234.6	0.0
56	50.37	6307.657	1278.8	0.0
56	528.36	6384.7169	5851.8	0.0
56	873.15	6431.555	521.7	0.0
57	57.67	6198.2227	478.2	0.0
57	702.0	6296.8722	2277.1	0.0
57	784.46	6307.657	2227.0	0.0
58	102.35	6098.8031	1315.5	0.0
58	397.27	6145.4411	2747.5	0.0
58	821.03	6203.4925	1494.6	0.0
59	94.43	5994.1287	1139.9	0.0
59	410.44	6043.2233	9175.4	0.0
59	881.87	6105.6351	1452.4	0.0
59	824.6	6098.8031	1352.6	0.0
60	23.12	5882.6242	905.8	0.0
60	317.17	5928.813	4827.8	0.0
60	636.63	5973.6649	3411.5	0.0
60	839.75	5998.9987	648.1	0.0
61	136.11	5804.1412	2891.2	0.0
61	519.94	5860.3103	3867.5	0.0
61	762.16	5891.451	314.8	0.0
62	199.54	5720.1828	5247.0	0.0
62	502.97	5763.529	839.2	0.0
62	827.68	5804.1412	2718.6	0.0
63	50.6	5606.733	4701.1	0.0
63	407.26	5659.1272	932.7	0.0
63	900.9	5720.1828	3197.6	0.0
64	184.9	5539.2618	1337.5	0.0
64	530.52	5587.0263	4687.7	0.0
64	761.71	5615.3195	1362.2	0.0
65	89.23	5439.9891	575.2	0.0
65	516.14	5499.2554	3813.6	0.0
65	854.46	5539.2618	946.4	0.0
66	199.64	5373.4943	535.2	0.0
66	412.46	5402.6048	950.6	0.0
66	715.71	5439.9891	1251.2	0.0
67	154.22	5286.887	378.7	0.0
67	451.34	5326.9756	1125.7	0.0
67	850.03	5373.4943	431.4	0.0
68	83.71	5199.1637	843.6	0.0
68	498.01	5254.4648	1060.4	0.0
68	778.14	5286.887	524.7	0.0
69	213.84	5141.7827	7801.7	0.0
69	396.84	5165.7728	2063.1	0.0
69	676.31	5199.1637	2523.0	0.0
69	884.24	5221.271	1668.8	0.0
70	41.8	5044.7195	508.9	0.0
70	467.03	5100.6211	1160.6	0.0
70	870.12	5145.3083	2980.4	0.0
71	31.04	4972.1597	396.4	0.0
71	309.58	5009.3344	9430.8	0.0
71	763.38	5062.0371	8432.8	0.0
72	43.17	4904.7516	715.0	0.0
72	257.86	4933.2091	5902.7	0.0
72	581.54	4972.1597	3283.5	0.0
72	866.6	5002.0972	1055.0	0.0
73	120.01	4847.8095	6979.1	0.0
73	449.95	4889.0422	19130.0	0.0
73	862.52	4933.2091	3379.8	0.0
74	89.5	4778.294	786.2	0.0
74	609.35	4840.8492	2512.7	0.0
74	324.86	4808.1337	2639.7	0.0
75	185.52	4726.8683	23640.7	0.0
75	627.99	4778.294	4430.9	0.0
75	909.16	4806.0205	8349.6	0.0
76	131.6	4657.9012	16517.2	0.0
76	505.76	4702.3161	6146.5	0.0
76	834.14	4735.9058	13739.6	0.0
77	72.16	4589.8978	5383.4	0.0
77	469.08	4637.2328	6219.3	0.0
77	825.89	4673.6609	1475.8	0.0
78	185.5	4545.0519	14189.0	0.0
78	483.36	4579.3495	31141.5	0.0
78	669.56	4598.7627	6062.6	0.0
79	138.29	4481.8107	1534.5	0.0
79	385.92	4510.7332	6039.4	0.0
79	570.28	4530.5523	951.4	0.0
80	140.14	4426.0011	4121.3	0.0
80	336.7	4448.8792	1679.8	0.0
80	769.55	4493.3337	882.1	0.0
81	110.64	4367.8316	643.9	0.0
81	400.79	4400.9863	7684.5	0.0
81	725.82	4433.838	1559.1	0.0
82	275.26	4333.5612	4769.0	0.0
82	542.58	4362.0662	1626.2	0.0
82	783.68	4385.0566	2088.0	0.0
84	338.27	4237.2198	285.8	0.0
84	688.74	4272.1689	1996.4	0.0
84	472.12	4251.1846	191.1	0.0
85	78.72	4158.5905	294.8	0.0
85	443.73	4198.317	949.3	0.0
85	758.4	4228.158	121.5	0.0
86	23.76	4103.9121	87.1	0.0
86	272.65	4131.7235	2099.4	0.0
86	594.43	4164.1795	369.8	0.0
86	791.88	4181.8836	111.8	0.0
87	159.81	4071.9967	588.5	0.0
87	556.48	4112.7545	284.4	0.0
87	766.88	4131.7235	1853.2	0.0
83	193.68	4272.1689	1074.3	0.0
83	241.02	4277.5282	5393.5	0.0
83	449.88	4300.1008	4552.6	0.0
83	771.88	4331.1995	3098.7	0.0
83	818.8	4335.3379	1148.7	0.0
83	798.51	4333.5612	3386.0	0.0
57	537.98	6274.1166	328.7	0.0
57	365.61	6248.4055	545.6	0.0
57	162.9	6215.9383	1330.5	0.0
57	88.63	6203.4925	1371.4	0.0
51	185.73	6951.4776	4636.2	1.0
51	233.98	6960.25	5541.3	1.0
51	578.39	7018.5675	3590.6	1.0
51	653.74	7030.2514	70718.8	1.0
52	282.52	6834.9246	2019.8	1.0
52	452.14	6863.535	1415.6	1.0
52	500.09	6871.2891	90044.6	1.0
52	552.52	6879.5824	3926.7	1.0
52	608.08	6888.1742	6643.5	1.0
52	864.84	6925.0094	1378.1	1.0
53	28.33	6660.6761	1011.0	1.0
53	36.92	6662.2686	1348.9	1.0
53	46.58	6664.051	1369.9	1.0
53	158.42	6684.2929	4157.4	1.0
53	411.38	6727.4583	1577.6	1.0
53	572.38	6752.8335	76851.0	1.0
54	122.29	6554.1603	756.2	1.0
54	255.49	6577.2146	1266.1	1.0
54	295.23	6583.906	7807.5	1.0
54	323.11	6588.5396	7397.7	1.0
54	340.96	6591.4845	8715.8	1.0
54	355.93	6593.9391	1870.6	1.0
54	369.38	6596.1141	456.4	1.0
54	385.1	6598.6778	444.3	1.0
54	527.06	6620.9665	379.0	1.0
54	601.13	6632.0837	735.7	1.0
54	643.18	6638.2207	3996.1	1.0
54	653.71	6639.7403	2666.9	1.0
54	776.67	6656.9386	629.4	1.0
54	804.45	6660.6761	1602.9	1.0
54	816.32	6662.2686	1856.3	1.0
54	829.82	6664.051	1912.9	1.0
55	102.62	6431.555	553.4	1.0
55	173.89	6443.8598	443.9	1.0
55	412.9	6483.0825	4050.7	1.0
55	462.17	6490.7372	635.9	1.0
55	483.23	6493.9694	687.8	1.0
55	517.19	6499.1061	548.0	1.0
55	606.98	6512.3639	1080.7	1.0
55	617.25	6513.8462	441.7	1.0
56	258.82	6342.8595	1244.7	1.0
56	397.2	6364.8937	783.2	1.0
56	427.55	6369.5748	2191.1	1.0
56	443.12	6371.9436	475.8	1.0
56	475.96	6376.9305	604.7	1.0
56	546.57	6387.3957	374.0	1.0
56	629.04	6399.2065	469.2	1.0
56	656.27	6403.0128	457.4	1.0
56	721.27	6411.8991	1176.3	1.0
56	754.31	6416.3071	15174.1	1.0
57	20.93	6191.9053	273.9	1.0
57	110.66	6207.2201	745.1	1.0
57	215.2	6224.5272	735.3	1.0
57	226.49	6226.3697	310.2	1.0
57	309.97	6239.7121	237.2	1.0
57	552.37	6276.1646	181.5	1.0
57	848.9	6315.775	157.5	1.0
58	38.05	6088.0305	238.6	1.0
58	143.78	6105.6351	1944.1	1.0
58	200.97	6114.9234	9184.8	1.0
58	253.91	6123.3619	502.9	1.0
58	279.68	6127.416	674.2	1.0
58	441.33	6151.9929	1112.5	1.0
58	527.65	6164.4796	1371.3	1.0
58	583.15	6172.2778	8311.3	1.0
58	627.88	6178.4315	325.3	1.0
58	658.96	6182.6217	6316.8	1.0
58	700.46	6188.1251	488.8	1.0
58	729.45	6191.9053	490.0	1.0
58	778.88	6198.2227	743.8	1.0
58	801.75	6201.1002	237.7	1.0
58	851.47	6207.2201	686.2	1.0
59	52.94	5987.3016	577.9	1.0
59	124.27	5998.9987	678.3	1.0
59	166.06	6005.7242	459.9	1.0
59	174.46	6007.0722	448.3	1.0
59	193.92	6010.1606	460.9	1.0
59	216.19	6013.6777	682.7	1.0
59	263.26	6021.0357	759.2	1.0
59	290.01	6025.15	1618.1	1.0
59	335.87	6032.1274	23437.4	1.0
59	373.04	6037.6975	1596.0	1.0
59	435.59	6046.8977	527.6	1.0
59	450.46	6049.051	849.0	1.0
59	476.02	6052.7229	2258.7	1.0
59	523.04	6059.3725	4597.6	1.0
60	41.9	5885.7016	234.5	1.0
60	59.63	5888.5841	2612.0	1.0
60	68.02	5889.9531	785.0	1.0
60	77.27	5891.451	209.7	1.0
60	165.78	5905.5707	210.8	1.0
60	207.42	5912.0853	10102.3	1.0
60	224.04	5914.6709	946.6	1.0
60	425.19	5944.6472	383.1	1.0
60	567.6	5964.4723	226.5	1.0
60	596.24	5968.3199	288.5	1.0
60	620.93	5971.6008	646.9	1.0
60	647.43	5975.0648	895.5	1.0
60	743.4	5987.3016	958.3	1.0
60	773.44	5991.0071	490.2	1.0
60	799.09	5994.1287	1436.3	1.0
60	897.57	6005.7242	302.2	1.0
61	62.05	5792.4304	208.4	1.0
61	84.91	5796.0683	117.3	1.0
61	115.02	5800.8297	800.5	1.0
61	122.97	5802.0798	688.5	1.0
61	209.09	5815.4219	201.4	1.0
61	322.19	5832.3705	271.3	1.0
61	335.2	5834.2633	2300.1	1.0
61	545.16	5863.7184	378.7	1.0
61	690.57	5882.6242	2225.9	1.0
61	715.2	5885.7016	503.5	1.0
61	738.62	5888.5841	4918.1	1.0
61	749.75	5889.9531	1321.4	1.0
61	882.33	5905.5707	136.8	1.0
62	15.8	5691.6612	319.4	1.0
62	234.24	5725.3885	671.2	1.0
62	330.67	5739.5196	3338.8	1.0
62	346.76	5741.829	585.9	1.0
62	395.49	5748.7412	539.1	1.0
62	426.16	5753.0265	666.4	1.0
62	480.9	5760.5508	19084.8	1.0
62	728.65	5792.4304	357.8	1.0
62	799.16	5800.8297	963.9	1.0
62	809.9	5802.0798	769.6	1.0
63	106.22	5615.3195	875.7	1.0
63	346.84	5650.7043	6460.7	1.0
63	451.64	5665.1799	860.3	1.0
63	525.09	5674.9864	226.9	1.0
63	540.88	5677.0529	435.2	1.0
63	578.4	5681.9001	1186.8	1.0
63	655.86	5691.6612	1043.1	1.0
63	784.7	5707.1033	294.9	1.0
64	88.94	5524.957	537.5	1.0
64	209.67	5542.89	284.5	1.0
64	246.11	5548.1758	813.3	1.0
64	308.44	5557.0454	739.2	1.0
64	320.15	5558.702	12435.5	1.0
64	410.77	5571.1913	961.5	1.0
64	448.07	5576.2045	523.8	1.0
64	459.19	5577.6845	1981.9	1.0
64	471.85	5579.3583	1216.2	1.0
64	593.69	5595.0635	1244.4	1.0
64	613.03	5597.4756	1179.9	1.0
64	688.83	5606.733	13844.8	1.0
65	168.45	5451.652	2689.7	1.0
65	255.88	5464.2055	450.2	1.0
65	276.99	5467.1704	456.2	1.0
65	445.73	5490.1194	394.8	1.0
65	489.88	5495.8738	14373.1	1.0
65	507.77	5498.1841	728.6	1.0
65	556.02	5504.3018	694.5	1.0
65	570.47	5506.1128	2783.3	1.0
65	601.77	5509.9938	884.3	1.0
65	641.69	5514.8731	572.5	1.0
65	726.9	5524.957	1049.1	1.0
66	106.95	5360.1501	173.6	1.0
66	180.07	5370.7096	150.7	1.0
66	293.53	5386.6107	936.2	1.0
66	353.44	5394.7608	1057.6	1.0
66	374.03	5397.516	967.9	1.0
66	512.73	5415.5226	480.7	1.0
66	528.38	5417.4858	2635.9	1.0
66	559.55	5421.3517	2583.4	1.0
66	581.05	5424.0079	477.9	1.0
66	639.86	5431.112	717.4	1.0
66	665.46	5434.1514	282.1	1.0
66	735.52	5442.2477	297.1	1.0
66	820.04	5451.652	2916.0	1.0
67	360.82	5315.2278	331.6	1.0
67	585.3	5343.5812	3083.2	1.0
67	736.49	5361.1556	130.6	1.0
67	823.78	5370.7096	126.1	1.0
67	862.55	5374.8219	252.8	1.0
68	60.44	5195.8136	288.8	1.0
68	169.21	5211.2305	1171.1	1.0
68	242.2	5221.271	3179.0	1.0
68	315.84	5231.1597	5187.3	1.0
68	443.46	5247.6547	718.0	1.0
68	529.88	5258.3602	2955.4	1.0
68	544.21	5260.1041	505.6	1.0
68	599.66	5266.7103	1381.6	1.0
68	663.34	5274.1188	441.9	1.0
69	22.2	5115.0448	324.7	1.0
69	162.21	5134.746	255.4	1.0
69	240.0	5145.3083	4870.5	1.0
69	307.38	5154.243	1397.6	1.0
69	340.89	5158.6041	5161.6	1.0
69	369.54	5162.2846	8811.9	1.0
69	378.68	5163.4584	1288.0	1.0
69	480.92	5176.2292	1736.8	1.0
69	576.89	5187.7462	12007.4	1.0
69	646.71	5195.8136	1237.9	1.0
69	786.94	5211.2305	1500.2	1.0
69	807.05	5213.3492	379.3	1.0
70	85.14	5050.7842	207.4	1.0
70	167.09	5062.0371	6140.6	1.0
70	211.18	5067.9737	2408.3	1.0
70	313.77	5081.4462	251.8	1.0
70	433.26	5096.4848	893.6	1.0
70	588.89	5115.0448	2437.1	1.0
70	616.47	5118.2023	1018.8	1.0
70	767.39	5134.746	314.4	1.0
70	835.2	5141.7827	6064.2	1.0
71	253.27	5002.0972	1732.6	1.0
71	371.8	5017.1628	24999.5	1.0
71	393.02	5019.8062	734.3	1.0
71	465.85	5028.6556	1612.0	1.0
71	555.87	5039.2303	1855.8	1.0
71	604.01	5044.7195	3240.4	1.0
71	624.68	5047.0434	726.5	1.0
71	649.34	5049.796	738.8	1.0
71	658.46	5050.7842	736.0	1.0
71	821.13	5067.9737	1949.0	1.0
72	308.58	4939.6422	1179.7	1.0
72	355.27	4945.4587	2119.2	1.0
72	519.4	4965.0795	49067.8	1.0
72	702.3	4985.3725	925.4	1.0
73	260.03	4865.91	2628.8	1.0
73	363.61	4878.733	2599.0	1.0
73	372.97	4879.8635	102654.6	1.0
73	392.7	4882.2432	1869.0	1.0
73	500.72	4894.9551	7423.3	1.0
73	587.69	4904.7516	5461.6	1.0
74	307.59	4806.0205	43682.5	1.0
74	337.07	4809.614	838.7	1.0
74	448.8	4822.8548	2050.9	1.0
74	482.22	4826.7004	1066.3	1.0
74	674.82	4847.8095	22028.3	1.0
74	855.54	4865.91	1538.8	1.0
75	158.43	4723.4382	1674.1	1.0
75	226.9	4732.0532	5791.0	1.0
75	258.07	4735.9058	19235.7	1.0
75	504.56	4764.8646	154943.9	1.0
76	258.61	4673.6609	1877.2	1.0
76	363.84	4686.1946	987.3	1.0
76	440.63	4695.0381	1405.6	1.0
76	520.96	4703.9898	6107.1	1.0
76	687.6	4721.591	1129.4	1.0
76	706.04	4723.4382	4117.6	1.0
76	740.42	4726.8683	39352.5	1.0
76	793.59	4732.0532	5911.2	1.0
77	121.23	4596.0967	762.6	1.0
77	142.5	4598.7627	1785.2	1.0
77	230.45	4609.5673	37746.9	1.0
77	390.78	4628.4409	2417.2	1.0
77	663.98	4657.9012	59566.5	1.0
78	582.56	4589.8978	42537.4	1.0
78	643.05	4596.0967	3271.9	1.0
78	780.84	4609.5673	46063.3	1.0
79	234.38	4493.3337	731.7	1.0
79	492.02	4522.323	1171.6	1.0
79	715.52	4545.0519	28654.7	1.0
80	175.15	4430.189	2418.7	1.0
80	206.0	4433.838	944.6	1.0
80	254.16	4439.4614	840.2	1.0
80	369.76	4452.5655	172.1	1.0
80	419.24	4458.0015	173.9	1.0
80	442.77	4460.5574	214.5	1.0
80	578.38	4474.7594	3650.6	1.0
80	648.88	4481.8107	5667.0	1.0
80	744.28	4490.9816	307.9	1.0
81	62.83	4362.0662	138.4	1.0
81	135.08	4370.7532	2660.6	1.0
81	179.05	4375.9542	1451.2	1.0
81	210.99	4379.6668	3702.6	1.0
81	257.7	4385.0566	2273.8	1.0
81	311.17	4391.1105	383.4	1.0
81	392.58	4400.0968	2922.6	1.0
81	474.81	4408.8828	927.4	1.0
81	643.77	4426.0011	15972.4	1.0
81	687.2	4430.189	6111.3	1.0
81	695.67	4430.9963	1790.7	1.0
81	786.9	4439.4614	790.5	1.0
81	893.88	4448.8792	539.4	1.0
82	254.3	4331.1995	3186.7	1.0
82	291.13	4335.3379	1996.5	1.0
82	380.72	4345.168	2727.9	1.0
82	407.72	4348.064	21491.0	1.0
82	446.79	4352.2049	2019.8	1.0
82	600.45	4367.8316	3508.6	1.0
82	630.42	4370.7532	10735.6	1.0
82	665.41	4374.1239	778.7	1.0
82	684.8	4375.9542	3540.2	1.0
82	708.43	4378.1768	386.1	1.0
82	724.61	4379.6668	5835.3	1.0
83	83.33	4259.3619	355.9	1.0
83	289.25	4282.8976	220.6	1.0
83	519.14	4307.1762	124.1	1.0
83	577.58	4312.9975	544.9	1.0
83	600.81	4315.2543	179.2	1.0
83	746.48	4328.9154	126.0	1.0
83	781.2	4332.0297	628.0	1.0
84	553.98	4259.3619	3081.2	1.0
84	747.82	4277.5282	5117.8	1.0
84	254.97	4228.158	143.5	1.0
85	127.55	4164.1795	72.4	1.0
85	287.03	4181.8836	183.7	1.0
85	467.05	4200.6745	1132.3	1.0
85	639.9	4217.4308	29.5	1.0
85	696.64	4222.6373	52.5	1.0
85	864.82	4237.2198	77.3	1.0
86	535.87	4158.5905	3761.5	1.0
87	373.65	4094.747	74.5	1.0
87	428.88	4100.3414	221.0	1.0
87	464.6	4103.9121	2135.0	0.0
