51
6
6
-232539.69734106315
126807.99750257154
-479.22819434385866
6.925158421482863
-0.04972620372792511
0.00017690350266636067
-2.4936003250717814e-07
-36.06481578396342
3.0964889735880265
-0.04121126769317969
0.0002696800689128663
-8.625473971381893e-07
1.071487457125091e-09
0.06360390312662598
-0.0037305624193571495
4.0121135669923515e-05
-1.86999282622851e-07
2.9561927909406973e-10
1.2946119618896758e-13
-5.033017205075724e-05
2.322064263077382e-06
-1.4220850204273153e-08
-3.830450210804942e-11
6.469267618530285e-13
-1.6618156811106342e-15
2.2946143188725686e-08
-8.565456610132292e-10
6.507452097119535e-13
8.003363846629047e-14
-5.914531354501672e-16
1.2818729094480653e-18
-4.922952951476132e-12
1.7692024912100767e-13
5.3983465250371395e-17
-1.9190778790408483e-17
1.3613111684401972e-19
-2.9062727786324044e-22
