87	855.23	4131.7235	4325.5	0.0
87	309.12	4079.5738	325.7	0.0
87	513.02	4100.3414	251.4	0.0
86	621.56	4158.5905	8341.5	0.0
86	681.01	4164.1795	844.9	0.0
86	880.08	4181.8836	214.0	0.0
85	154.56	4158.5905	409.8	0.0
85	527.79	4198.317	698.2	0.0
84	420.28	4237.2198	68.0	0.0
84	835.5	4277.5282	1310.2	0.0
84	639.57	4259.3619	787.0	0.0
83	533.61	4300.1008	3034.0	0.0
83	859.49	4331.1995	2761.6	0.0
83	906.66	4335.3379	1374.2	0.0
82	355.39	4333.5612	6075.2	0.0
82	716.59	4370.7532	17012.2	0.0
82	871.15	4385.0566	3785.8	0.0
81	483.27	4400.9863	16144.3	0.0
81	729.92	4426.0011	42453.4	0.0
81	981.41	4448.8792	1919.9	0.0
80	216.67	4426.0011	8352.5	0.0
80	663.54	4474.7594	14018.3	0.0
80	856.56	4493.3337	2596.6	0.0
79	467.72	4510.7332	21263.0	0.0
79	830.48	4547.7589	489.0	0.0
79	575.67	4522.323	3690.5	0.0
78	262.79	4545.0519	25761.2	0.0
78	566.7	4579.3495	62534.2	0.0
77	912.64	4673.6609	2943.3	0.0
77	552.0	4637.2328	13149.3	0.0
76	207.22	4657.9012	29901.7	0.0
76	589.1	4702.3161	17866.7	0.0
76	880.06	4732.0532	15433.3	0.0
75	262.28	4726.8683	52567.3	0.0
75	712.84	4778.294	10548.8	0.0
75	995.62	4806.0205	47572.6	0.0
74	693.84	4840.8492	6564.9	0.0
74	760.06	4847.8095	59582.9	0.0
73	194.78	4847.8095	14853.0	0.0
73	531.85	4889.0422	48647.9	0.0
73	948.72	4933.2091	10399.2	0.0
72	335.79	4933.2091	15611.6	0.0
72	665.29	4972.1597	8712.2	0.0
72	952.63	5002.0972	2903.0	0.0
71	388.45	5009.3344	24650.2	0.0
71	687.88	5044.7195	8540.1	0.0
71	906.88	5067.9737	5908.9	0.0
70	287.73	5067.9737	5678.4	0.0
70	548.71	5100.6211	2767.9	0.0
70	955.84	5145.3083	8706.7	0.0
69	290.29	5141.7827	18727.2	0.0
69	420.09	5158.6041	13488.5	0.0
69	969.81	5221.271	4802.5	0.0
68	75.43	5187.7462	2200.3	0.0
68	319.12	5221.271	8050.9	0.0
68	863.25	5286.887	1371.8	0.0
67	415.41	5312.0018	6131.2	0.0
67	935.24	5373.4943	1022.8	0.0
67	228.88	5286.887	958.1	0.0
66	371.23	5386.6107	2512.0	0.0
66	642.01	5421.3517	6948.5	0.0
66	905.03	5451.652	8349.6	0.0
65	243.17	5451.652	7769.7	0.0
65	597.86	5499.2554	10088.3	0.0
65	939.39	5539.2618	2381.5	0.0
64	161.51	5524.957	962.4	0.0
64	846.12	5615.3195	3254.2	0.0
63	121.93	5606.733	9442.1	0.0
63	486.81	5659.1272	2035.1	0.0
63	660.76	5681.9001	2521.2	0.0
63	985.65	5720.1828	7484.4	0.0
62	274.59	5720.1828	11145.0	0.0
62	408.6	5739.5196	6736.0	0.0
62	912.14	5804.1412	5774.4	0.0
61	187.84	5800.8297	1534.2	0.0
61	413.06	5834.2633	4464.7	0.0
61	773.96	5882.6242	5024.9	0.0
60	130.79	5888.5841	4161.7	0.0
60	394.52	5928.813	6983.8	0.0
60	719.29	5973.6649	5482.4	0.0
60	883.16	5994.1287	2300.3	0.0
59	166.43	5994.1287	1496.0	0.0
59	489.48	6043.2233	11884.6	0.0
59	908.62	6098.8031	1488.4	0.0
59	604.0	6059.3725	6689.2	0.0
58	174.43	6098.8031	1278.9	0.0
58	475.93	6145.4411	3040.3	0.0
58	904.94	6203.4925	1592.1	0.0
58	741.6	6182.6217	6010.4	0.0
57	160.21	6203.4925	1352.9	0.0
57	289.89	6224.5272	730.7	0.0
57	530.82	6261.4181	726.6	0.0
57	868.04	6307.657	1938.9	0.0
57	784.96	6296.8722	1810.8	0.0
56	334.4	6342.8595	1066.1	0.0
56	608.98	6384.7169	5274.5	0.0
56	956.95	6431.555	419.5	0.0
55	174.37	6431.555	451.9	0.0
55	491.47	6483.0825	2980.8	0.0
55	688.62	6512.3639	921.3	0.0
55	825.52	6531.3418	2041.2	0.0
54	371.36	6583.906	9371.1	0.0
54	502.36	6604.8534	6108.0	0.0
54	725.1	6638.2207	4188.3	0.0
54	930.91	6666.3588	2927.5	0.0
54	763.7	6643.6976	6381.2	0.0
53	191.1	6677.2817	42618.5	0.0
53	231.23	6684.2929	5376.0	0.0
53	746.79	6766.6117	9312.7	0.0
52	516.95	6861.2688	9101.8	0.0
52	579.82	6871.2891	152141.0	0.0
52	689.33	6888.1742	9622.2	0.0
52	847.51	6911.2264	17503.7	0.0
52	298.54	6824.6774	724.9	0.0
51	182.64	6937.6642	37835.7	0.0
51	308.35	6960.25	9653.0	0.0
51	735.46	7030.2514	122109.7	0.0
88	504.69	4052.9208	516.7	0.0
78	430.4	4564.4054	1354.4	1.0
70	672.49	5115.0448	5600.2	1.0
70	920.83	5141.7827	17223.1	1.0
69	191.23	5128.4897	230.2	1.0
69	385.89	5154.243	3824.2	1.0
69	660.14	5187.7462	31893.9	1.0
68	156.79	5199.1637	1822.4	1.0
68	303.02	5219.1099	1753.3	1.0
68	394.38	5231.1597	12380.2	1.0
68	579.93	5254.4648	2418.1	1.0
68	747.49	5274.1188	1051.9	1.0
68	814.84	5281.6285	1140.0	1.0
67	668.32	5343.5812	7661.0	1.0
67	947.89	5374.8219	683.8	1.0
66	432.42	5394.7608	2580.6	1.0
66	610.45	5417.4858	6234.6	1.0
66	800.07	5439.9891	3121.9	1.0
65	652.96	5506.1128	7185.8	1.0
65	684.66	5509.9938	1994.3	1.0
65	725.2	5514.8731	1392.8	1.0
65	811.21	5524.957	2587.0	1.0
64	676.41	5595.0635	2740.5	1.0
64	729.81	5601.6032	3820.7	1.0
63	179.14	5615.3195	1853.1	1.0
63	425.24	5650.7043	16351.0	1.0
63	622.72	5677.0529	912.5	1.0
63	869.08	5707.1033	559.4	1.0
62	425.03	5741.829	1285.9	1.0
62	619.33	5768.1812	815.0	1.0
62	842.98	5796.0683	351.1	1.0
62	853.52	5797.3194	130.3	1.0
62	863.4	5798.478	154.6	1.0
62	883.5	5800.8297	1845.3	1.0
62	894.28	5802.0798	1379.0	1.0
61	156.95	5796.0683	204.4	1.0
61	164.96	5797.3194	93.0	1.0
61	389.17	5830.8272	215.1	1.0
61	399.85	5832.3705	497.0	1.0
61	601.11	5860.3103	6840.6	1.0
61	626.73	5863.7184	629.6	1.0
61	833.67	5889.9531	2899.0	1.0
61	846.09	5891.451	556.7	1.0
61	917.04	5899.8441	209.4	1.0
61	966.82	5905.5707	263.7	1.0
60	504.72	5944.6472	603.8	1.0
60	678.34	5968.3199	397.2	1.0
60	703.38	5971.6008	869.2	1.0
60	730.13	5975.0648	1467.8	1.0
60	827.12	5987.3016	1583.8	1.0
60	857.34	5991.0071	723.6	1.0
60	904.07	5996.6297	113.2	1.0
60	924.07	5998.9987	960.3	1.0
60	942.85	6001.2033	244.7	1.0
59	413.46	6032.1274	31313.6	1.0
59	515.11	6046.8977	580.8	1.0
59	530.24	6049.051	1115.0	1.0
59	556.24	6052.7229	3070.5	1.0
59	643.31	6064.7508	390.0	1.0
59	650.8	6065.7799	126.7	1.0
59	705.56	6073.1036	117.2	1.0
59	741.84	6077.8728	203.8	1.0
59	752.29	6079.2227	228.1	1.0
59	767.91	6081.2433	278.8	1.0
59	800.21	6085.3748	262.1	1.0
59	821.24	6088.0305	539.9	1.0
58	275.49	6114.9234	8332.5	1.0
58	520.82	6151.9929	1203.6	1.0
58	710.2	6178.4315	314.0	1.0
58	727.24	6180.705	252.9	1.0
58	783.49	6188.1251	502.0	1.0
58	812.74	6191.9053	523.5	1.0
58	862.52	6198.2227	670.6	1.0
58	885.58	6201.1002	187.9	1.0
58	924.3	6205.8599	66.6	1.0
57	443.61	6248.4055	498.2	1.0
57	618.85	6274.1166	260.0	1.0
57	651.05	6278.6453	190.8	1.0
57	879.86	6309.16	231.1	1.0
56	804.26	6411.8991	982.2	1.0
56	837.56	6416.3071	13101.4	1.0
54	399.81	6588.5396	9403.8	1.0
54	418.04	6591.4845	10674.1	1.0
54	433.34	6593.9391	2026.6	1.0
54	446.96	6596.1141	559.8	1.0
54	588.87	6618.1668	209.4	1.0
54	600.61	6619.9458	298.3	1.0
54	607.44	6620.9665	341.2	1.0
54	682.63	6632.0837	709.4	1.0
54	735.76	6639.7403	2842.7	1.0
54	859.8	6656.9386	524.0	1.0
54	872.78	6658.6774	376.6	1.0
54	887.73	6660.6761	2046.0	1.0
54	899.74	6662.2686	2375.9	1.0
54	913.25	6664.051	2304.8	1.0
53	653.26	6752.8335	112005.4	1.0
52	313.41	6827.2488	3124.4	1.0
52	323.77	6829.0355	1452.2	1.0
52	358.13	6834.9246	3506.0	1.0
52	682.1	6887.0881	5130.0	1.0
52	716.52	6892.2502	227.3	1.0
91	806.27	3946.1455	1172.8	1.0
89	904.04	4042.8937	149.0	0.0
89	922.88	4044.4179	145.5	0.0
88	418.67	4044.4179	458.9	0.0
88	403.65	4042.8937	446.4	0.0
88	794.18	4079.5738	333.2	0.0
88	827.0	4082.3872	158.0	0.0
87	238.1	4071.9967	1042.3	0.0
86	353.48	4131.7235	3848.4	0.0
90	316.44	3944.2534	74.0	0
90	334.46	3946.1455	562.8	0
90	363.09	3948.979	838.2	0
90	377.24	3950.395	122.2	0
90	683.93	3979.356	636.1	0
90	629.7	3974.4766	497.7	0
90	348.33	3947.5046	158.5	0
90	400.78	3952.7608	70.5	0
89	760.65	4030.8424	45.0	0
89	821.43	4036.0479	48.8	0
89	629.54	4019.1289	91.1	0
89	572.8	4013.8566	475.2	0
89	558.36	4012.4952	84.0	0
89	334.79	3990.4922	12.7	0
91	841.19	3948.9789	1140.2	0
91	858.48	3950.3951	123.9	0
91	605.6	3928.6233	929.0	0
91	573.83	3925.7188	905.3	0
91	474.51	3916.4176	56.0	0
92	418.98	3868.5284	381.8	0
92	474.39	3873.8224	75.0	0
92	674.04	3891.9792	138.4	0
92	713.35	3895.4192	25.8	0
92	667.53	3891.4016	45.0	0
92	973.32	3916.4176	11.5	0
94	677.52	3809.4561	298.8	0
93	679.35	3850.5813	907.4	0
93	556.32	3839.6953	178.5	0
93	459.55	3830.7736	62.0	0
95	691.13	3770.52	57.0	0
95	629.76	3765.27	329.8	0
95	701.56	3771.3708	37.5	0
95	639.6	3766.1186	196.3	0
96	668.29	3729.3087	121.0	0
87	642.74	4112.7545	484.8	0
85	367.92	4181.8836	252.9	0
85	551.48	4200.6745	687.4	0
84	775.93	4272.1689	664.5	0
83	886.28	4333.561	3968.8	0
82	490.51	4348.064	26439.4	0
82	811.65	4379.6668	9517.2	0
81	289.43	4379.6668	5626.3	0
81	211.7	4370.7532	3388.4	0
81	773.78	4430.189	16330.0	0
81	812.75	4433.838	4225.1	0
81	874.21	4439.4614	2330.8	0
80	252.56	4430.189	5381.6	0
80	284.14	4433.836	2360.4	0
80	417.74	4448.8792	5710.0	0
80	734.9	4481.8107	23265.1	0
80	831.2	4490.9816	1080.2	0
80	963.59	4502.9268	511.4	0
79	397.35	4502.9268	1140.6	0
79	313.01	4493.3337	2242.0	0
79	292.69	4490.9816	656.8	0
79	214.6	4481.8107	4520.6	0
79	155.69	4474.7594	1255.9	0
79	508.06	4515.1182	729.0	0
79	802.0	4545.0519	61490.4	0
79	1015.06	4564.4054	417.5	0
78	667.42	4589.8978	81120.8	0
78	755.43	4598.7627	11125.2	0
78	867.58	4609.5673	89676.8	0
77	61.77	4579.3495	1223.9	0
77	146.36	4589.8978	7429.2	0
77	218.57	4598.7627	2809.1	0
77	308.62	4609.5673	71090.9	0
77	749.61	4657.9012	121616.8	0
76	337.26	4673.6609	3599.3	0
76	444.64	4686.1946	1797.5	0
76	604.55	4703.9898	11246.0	0
76	791.85	4723.4382	9428.4	0
76	826.54	4726.8683	94448.5	0
76	920.74	4735.9058	35792.4	0
75	234.51	4723.4382	3065.1	0
75	304.65	4732.0532	12246.1	0
75	336.52	4735.9058	40720.0	0
75	587.7	4764.8646	248305.2	0
75	603.5	4766.6006	2278.5	0
75	821.51	4789.3868	2226.4	0
74	386.93	4806.0205	120953.4	0
74	404.56	4808.1337	5408.0	0
74	417.05	4809.614	1947.8	0
74	530.87	4822.8548	4928.5	0
74	564.82	4826.7004	2565.8	0
74	604.49	4831.1213	4659.7	0
74	941.91	4865.91	5132.3	0
74	163.6	4778.294	1478.7	0
74	251.19	4789.3868	1184.1	0
74	59.86	4764.8646	10541.7	0
74	1016.93	4872.9169	1036.5	0
73	141.02	4840.8492	762.1	0
73	338.29	4865.91	7301.0	0
73	443.91	4878.733	6662.2	0
73	453.46	4879.8635	213332.3	0
73	583.54	4894.9551	17473.6	0
73	671.73	4904.7516	14679.7	0
72	115.64	4904.7516	1266.1	0
72	42.3	4894.9551	432.1	0
72	387.6	4939.6422	2849.3	0
72	435.26	4945.4587	5420.1	0
72	602.28	4965.0795	130735.4	0
72	787.46	4985.3725	2185.6	0
71	50.78	4965.0795	4301.1	0
71	102.99	4972.1597	766.8	0
71	201.83	4985.3725	844.0	0
71	330.94	5002.0972	4643.6	0
71	451.92	5017.1628	67155.5	0
71	547.7	5028.6556	3931.4	0
71	639.1	5039.2303	4921.8	0
71	708.83	5047.0434	2014.7	0
71	848.85	5062.0371	25448.0	0
70	242.57	5062.0371	13913.9	0
70	113.88	5044.7195	932.1	0
70	73.83	5039.2303	273.4	0
70	514.32	5096.4848	2183.7	0
70	852.66	5134.746	888.0	0
70	941.9	5143.9165	803.9	0
69	93.53	5115.0448	517.8	0
69	237.5	5134.746	500.9	0
69	317.04	5145.3083	13148.2	0
69	449.29	5162.2846	24704.3	0
69	568.73	5176.961	3424.0	0
69	760.86	5199.1637	6947.9	0
69	730.79	5195.8136	3295.2	0
69	872.29	5211.2305	3943.2	0
69	948.53	5219.1099	1132.3	0
68	132.76	5195.8136	597.2	0
68	244.43	5211.2305	2705.7	0
68	524.48	5247.6547	1535.1	0
68	612.25	5258.3602	7237.8	0
67	27.9	5258.3602	255.2	0
67	85.88	5266.7103	389.8	0
67	532.29	5326.9756	2570.3	0
67	812.05	5360.1501	857.2	0
67	989.15	5379.11	805.1	0
66	65.47	5343.5812	581.8	0
66	180.23	5360.1501	362.0	0
66	453.42	5397.516	2047.2	0
66	594.57	5415.5226	1033.8	0
66	663.88	5424.0079	1172.7	0
66	723.45	5431.112	1689.7	0
66	749.39	5434.1514	685.8	0
65	161.99	5439.9891	1206.1	0
65	101.28	5431.112	293.3	0
65	35.4	5421.3517	336.6	0
65	571.16	5495.8738	35307.5	0
65	973.2	5542.89	438.1	0
64	93.56	5514.8731	213.4	0
64	61.18	5509.9938	211.1	0
64	398.2	5558.702	33199.7	0
64	322.53	5548.1758	1727.1	0
64	386.19	5557.0454	1955.4	0
64	490.56	5571.1913	2115.6	0
64	612.32	5587.0263	11141.1	0
64	772.62	5606.733	32692.3	0
63	45.23	5595.0635	242.0	0
62	186.99	5707.1033	371.3	0
62	310.14	5725.3885	1430.2	0
62	505.9	5753.0265	1357.1	0
62	561.62	5760.5508	38175.1	0
62	584.01	5763.529	1646.6	0
62	812.52	5792.4304	694.8	0
62	1012.88	5815.4219	209.0	0
61	209.49	5804.1412	4641.4	0
61	133.49	5792.4304	274.6	0
61	284.25	5815.4219	345.8	0
61	798.8	5885.7016	962.9	0
61	822.42	5888.5841	8716.7	0
60	93.23	5882.6242	1283.8	0
60	112.53	5885.7016	294.4	0
60	282.35	5912.0853	16396.8	0
60	139.45	5889.9531	1302.6	0
60	148.97	5891.451	319.6	0
60	993.8	6007.0722	437.1	0
59	39.74	5973.6649	695.0	0
59	123.76	5987.3016	724.1	0
59	268.41	6010.1606	590.2	0
59	366.63	6025.15	2014.0	0
59	402.12	6030.445	421.9	0
59	451.37	6037.6975	2190.1	0
59	966.01	6105.6351	1825.9	0
58	216.89	6105.6351	2197.7	0
58	108.3	6088.0305	231.4	0
58	608.51	6164.4796	1361.2	0
58	664.82	6172.2778	7607.9	0
58	935.47	6207.2201	677.2	0
58	1008.78	6215.9383	765.2	0
57	128.4	6198.2227	389.5	0
57	35.42	6182.6217	911.5	0
57	90.48	6191.9053	188.2	0
57	67.99	6188.1251	144.8	0
57	182.85	6207.2201	737.9	0
57	236.37	6215.9383	1192.4	0
56	238.24	6327.2778	517.0	0
56	120.78	6307.657	1116.4	0
56	57.56	6296.8722	414.9	0
56	522.32	6371.9436	359.0	0
56	627.55	6387.3957	282.2	0
55	85.68	6416.3071	6002.7	0
55	60.36	6411.8991	292.7	0
55	328.68	6457.2824	4760.4	0
55	541.59	6490.7372	565.3	0
54	330.71	6577.2146	1767.6	0
54	64.08	6531.3418	826.8	0
54	102.29	6538.112	1205.9	0
54	194.41	6554.1603	775.7	0
54	1016.59	6677.2817	26128.7	0
53	129.46	6666.3588	2185.3	0
53	97.69	6660.6761	1201.3	0
53	829.28	6778.3123	1057.6	0
52	40.68	6778.3123	290.5	0
51	40.48	6911.2264	4471.8	0
51	215.31	6943.6105	3241.0	0
51	258.98	6951.4776	8775.0	0
51	337.91	6965.4307	416868.6	0
51	479.73	6989.6553	12505.2	0
51	547.49	7000.8036	2586.3	0
51	659.16	7018.5675	6473.1	0
51	1007.0	7068.7358	50663.7	0
51	995.59	7067.2181	416368.0	0
50	133.5	7067.2181	416225.7	0
50	141.48	7068.7358	46872.2	0
50	224.29	7084.169	3719.8	0
50	353.12	7107.4778	25898.9	0
50	458.4	7125.82	22726.6	0
50	585.23	7147.0416	325813.0	0
50	658.57	7158.8387	17197.5	0
50	722.75	7168.8952	24575.4	0
50	934.07	7200.0454	1030.6	0
49	74.33	7200.0454	791.1	0
49	454.98	7270.6636	12232.6	0
49	423.73	7265.1724	15998.3	0
49	310.0	7244.6965	1085.7	0
49	807.3	7328.285	2070.3	0
49	893.75	7341.1515	1086.6	0
49	923.09	7345.3996	1284.2	0
48	186.47	7372.1184	140893.8	0
48	90.47	7353.293	27069.9	0
48	229.63	7380.4263	2853.0	0
48	248.17	7383.9805	416873.0	0
48	530.1	7435.3683	40492.9	0
48	960.47	7503.8691	422346.2	0
48	745.09	7471.1641	15354.9	0
48	829.23	7484.3267	13809.5	0
48	938.47	7500.6558	4042.1	0
48	1006.54	7510.4082	5984.5	0
47	45.69	7500.6556	1996.4	0
47	61.34	7503.8691	416667.2	0
47	93.54	7510.4082	4623.7	0
47	114.65	7514.6518	416358.1	0
47	775.71	7635.106	423280.0	0
47	853.77	7647.3794	2369.8	0
47	387.99	7567.7417	3402.1	0
47	506.18	7589.3151	3175.7	0
46	274.34	7710.2692	805.5	0
46	75.86	7670.0575	2705.6	1
46	150.0	7685.3075	471.6	1
46	292.99	7713.9378	478.1	1
46	604.7	7771.9468	490.7	1
46	702.97	7788.9342	1130.9	1
46	858.28	7814.323	1195.1	1
46	880.22	7817.7669	1532.6	1
45	81.61	7841.7911	454.4	1
45	177.76	7861.911	1700.1	1
45	197.44	7865.9698	456.2	1
45	208.3	7868.1946	3699.0	1
45	321.57	7891.075	16209.5	1
45	368.38	7900.32	504.0	1
45	452.01	7916.442	1747.6	1
45	673.99	7956.974	693.0	1
45	803.26	7978.9731	3805.7	1
45	893.86	7993.6808	399.9	1
45	974.24	8006.1567	412557.6	1
44	17.95	8006.1567	263551.1	1
44	128.57	8030.2004	333.5	1
44	139.26	8032.4313	805.2	1
44	161.56	8037.2183	1504.7	1
44	203.8	8046.1169	2681.1	1
44	238.21	8053.3085	6604.9	1
44	283.14	8062.6304	320.7	1
44	395.19	8085.219	373.0	1
44	571.78	8119.1811	3236.9	1
44	677.7	8138.4753	416.0	1
44	799.89	8159.7277	679.9	1
44	859.98	8169.7865	397.2	1
43	293.91	8252.3936	603.1	1
43	352.32	8264.5225	349413.0	1
43	406.91	8275.6266	295.2	1
43	640.31	8320.8554	347.6	1
43	692.62	8330.4494	757.8	1
43	853.55	8358.726	229.6	1
43	917.33	8369.3404	214.0	1
42	108.89	8408.2096	238055.7	1
42	146.88	8416.7269	788.7	1
42	167.08	8421.2254	416.5	1
42	282.7	8446.5116	309.9	1
42	653.35	8521.4422	191287.0	1
42	837.52	8554.944	150.0	1
42	944.46	8573.1205	222.4	1
41	76.32	8605.7762	443.1	1
41	139.92	8620.4602	597.2	1
41	353.47	8667.9442	35555.9	1
41	752.34	8748.0309	178.4	1
41	807.78	8758.2434	140.4	1
41	827.14	8761.6862	451.0	1
41	947.66	8782.7156	139.8	1
40	282.58	8868.8334	143.0	1
40	624.29	8941.6608	142.6	1
40	696.04	8955.8467	94.1	1
40	757.1	8967.6403	207.3	1
40	728.55	8962.1468	162.4	0
39	193.34	9075.3945	297.7	1
39	741.97	9194.6385	1226.3	1
39	790.31	9203.9617	182.2	1
38	101.08	9291.5313	526.4	1
38	361.61	9354.2198	3155.8	1
39	399.99	9122.9674	161358.4	1
96	93.0	3675.5675	0.7	1
96	137.01	3680.0609	1.0	1
96	539.76	3718.2065	49.5	1
96	553.54	3719.4347	19.0	1
96	574.54	3721.2152	2.0	1
96	680.48	3730.3683	1.4	1
96	772.71	3737.889	83.5	1
96	835.46	3742.9234	1.0	1
96	870.43	3745.6591	1.5	1
96	875.0	3745.9706	1.0	1
96	916.01	3749.0843	1.0	1
96	943.01	3751.0219	2.0	1
96	963.99	3752.57	1.0	1
95	127.0	3717.8293	2.0	1
95	286.44	3733.6724	1.8	1
95	469.7	3751.0219	3.5	1
95	497.17	3753.5177	24.7	1
95	516.0	3755.2121	2.5	1
95	552.6	3758.4671	5.6	1
95	609.32	3763.5053	32.1	1
95	847.54	3783.2964	1.0	1
95	924.97	3789.168	2.1	1
94	33.0	3747.539	0.5	1
94	204.62	3765.27	16.0	1
94	213.34	3766.1186	8.0	1
94	231.0	3767.9007	0.5	1
94	257.26	3770.52	8.0	1
94	421.16	3786.3824	29.5	1
94	450.82	3789.168	16.0	1
94	468.4	3790.795	8.2	1
94	518.26	3795.38	8.5	1
94	548.52	3798.103	3.5	1
94	562.44	3799.382	42.0	1
94	571.88	3800.198	3.5	1
94	719.44	3813.068	2.0	1
94	868.0	3825.1331	2.0	1
94	890.32	3826.8072	41.4	1
94	910.78	3828.3846	64.0	1
94	942.31	3830.7736	11.0	1
94	994.8	3834.6787	40.5	1
93	241.14	3809.4561	31.0	1
93	355.46	3820.7926	4.0	1
93	406.02	3825.6729	42.3	1
93	417.84	3826.8072	86.0	1
93	434.45	3828.3846	141.8	1
93	484.54	3833.086	4.5	1
93	501.57	3834.6787	295.6	1
93	522.26	3836.5851	34.0	1
93	536.35	3837.8752	32.0	1
93	568.45	3840.8004	8.0	1
93	576.42	3841.5187	55.9	1
93	591.98	3842.8968	5.0	1
93	611.99	3844.7311	22.5	1
93	620.12	3845.4055	185.1	1
93	636.71	3846.8876	5.5	1
93	697.49	3852.1353	9.5	1
93	725.01	3854.5108	4.0	1
93	897.72	3868.5284	199.0	1
93	912.56	3869.6633	3.0	1
93	944.51	3872.1371	8.0	1
93	966.62	3873.8224	19.5	1
92	154.5	3841.9601	1.0	1
92	187.44	3845.4055	5.0	1
92	238.11	3850.5813	100.3	1
92	345.72	3861.3524	2.5	1
92	356.58	3862.4218	3.0	1
92	430.43	3869.6633	7.7	1
92	456.61	3872.1371	31.5	1
92	536.74	3879.6441	12.0	1
92	544.24	3880.3332	48.0	1
92	564.54	3882.143	2.0	1
92	590.0	3884.5245	3.0	1
92	617.02	3886.9159	26.5	1
92	693.25	3893.6519	3.5	1
92	704.97	3894.66	32.5	1
92	749.34	3898.4374	6.5	1
92	787.02	3901.6621	3.3	1
92	805.17	3903.1024	11.9	1
92	900.01	3910.7734	2.0	1
92	937.54	3913.645	1.5	1
91	160.5	3884.8225	0.5	1
91	228.88	3891.9792	9.0	1
91	313.51	3900.5767	7.0	1
91	338.0	3903.1024	5.5	1
91	379.0	3907.1603	3.9	1
91	427.63	3911.9091	16.0	1
91	501.87	3919.0234	22.5	1
91	552.52	3923.7995	22.5	1
91	617.18	3929.6693	65.8	1
91	634.61	3931.2566	82.8	1
91	668.48	3934.2742	8.3	1
91	695.5	3936.6718	14.5	1
91	784.49	3944.2534	193.6	1
91	823.25	3947.5046	257.3	1
91	887.62	3952.7608	48.5	1
91	918.6	3955.1699	3.0	1
91	970.89	3959.3	4.9	1
90	27.45	3913.645	1.0	1
90	138.49	3925.7188	13.5	1
90	182.0	3930.3303	2.4	1
90	190.98	3931.2566	5.5	1
90	261.01	3938.6144	4.5	1
90	363.09	3948.9789	838.2	1
90	377.24	3950.3951	122.2	1
90	425.44	3955.1699	8.0	1
90	432.96	3955.8903	7.0	1
90	468.22	3959.3	21.5	1
90	500.0	3962.4196	13.4	1
90	517.28	3964.0302	8.0	1
90	525.0	3964.7257	7.4	1
90	552.87	3967.3921	215.0	1
90	604.26	3972.1545	88.5	1
90	615.8	3973.1961	45.0	1
90	683.93	3979.3559	636.1	1
90	774.17	3987.2061	6.5	1
90	812.92	3990.4922	28.5	1
90	831.51	3992.0535	68.2	1
90	864.72	3994.7918	584.5	1
90	932.81	4000.2811	5.5	1
90	942.93	4001.0581	9.0	1
90	953.54	4001.8935	7.0	1
90	998.52	4005.3628	7.0	1
89	42.0	3959.3	0.5	1
89	181.91	3974.4766	15.5	1
89	227.76	3979.3559	46.2	1
89	253.57	3982.102	1.8	1
89	280.0	3984.8795	2.0	1
89	350.18	3992.0535	40.5	1
89	377.16	3994.7918	402.4	1
89	431.81	4000.2811	6.5	1
89	440.16	4001.0581	21.5	1
89	448.49	4001.8935	15.0	1
89	483.62	4005.3628	41.6	1
89	513.3	4008.2102	43.2	1
89	582.19	4014.7164	13.0	1
89	618.33	4018.099	8.5	1
89	692.23	4024.8025	13.5	1
89	716.61	4027.0091	17.0	1
89	814.49	4035.46	54.2	1
89	854.51	4038.8043	9.5	1
89	866.63	4039.8648	1.5	1
89	942.48	4045.9654	5.5	1
89	972.11	4048.2876	2.0	1
88	195.0	4021.1498	1.5	1
88	249.94	4027.0091	1.5	1
88	286.7	4030.8424	11.0	1
88	331.08	4035.46	25.5	1
88	363.24	4038.8043	11.8	1
88	434.25	4045.9654	49.5	1
88	449.21	4047.4815	4.5	1
88	521.09	4054.5258	21.5	1
88	614.59	4063.4071	28.2	1
88	624.46	4064.3315	11.7	1
88	658.33	4067.4507	10.9	1
88	680.44	4069.4612	16.0	1
88	708.38	4071.9967	2102.6	1
88	729.54	4073.8563	13.5	1
88	747.63	4075.503	17.5	1
88	760.48	4076.6284	229.5	1
88	806.78	4080.7058	493.5	1
88	839.7	4083.4688	16.0	1
88	862.84	4085.4341	13.5	1
88	876.11	4086.5205	27.9	1
88	908.42	4089.1379	11.0	1
88	935.54	4091.3476	3.1	1
88	977.47	4094.747	14.4	1
88	994.43	4096.0759	6.0	1
87	214.52	4069.4612	4.5	1
87	271.05	4075.503	15.0	1
87	319.46	4080.7058	518.1	1
87	335.88	4082.3872	209.0	1
87	346.45	4083.4688	25.0	1
87	364.79	4085.4341	18.5	1
87	375.71	4086.5205	42.8	1
87	423.0	4091.3476	8.5	1
87	445.88	4093.6713	12.5	1
87	456.72	4094.747	60.0	1
87	470.24	4096.0759	16.5	1
87	496.82	4098.7316	16.5	1
87	536.28	4102.6177	17.0	1
87	549.43	4103.9121	3193.1	1
87	558.99	4104.8385	14.3	1
87	596.71	4108.4198	48.2	1
87	606.13	4109.3234	28.5	1
87	621.73	4110.826	29.9	1
87	674.94	4115.7589	75.7	1
87	805.03	4127.412	26.0	1
87	819.19	4128.64	89.0	1
87	883.14	4134.0681	42.5	1
87	930.99	4138.0406	5.5	1
87	960.47	4140.3855	3.2	1
87	986.56	4142.4741	2.1	1
86	98.0	4103.9121	89.6	1
86	177.74	4112.7545	35.5	1
86	312.44	4127.412	14.5	1
86	324.23	4128.64	69.0	1
86	375.9	4134.0681	62.0	1
86	389.09	4135.48	9.1	1
86	435.92	4140.235	9.7	1
86	459.48	4142.701	15.9	1
86	520.13	4148.7269	9.8	1
86	581.24	4154.7205	9.0	1
86	698.09	4165.7661	29.8	1
86	750.57	4170.5333	31.3	1
86	839.13	4178.3658	11.6	1
86	943.0	4187.141	2.5	1
86	986.94	4190.7129	79.0	1
85	15.0	4142.701	1.0	1
85	204.61	4164.1795	83.5	1
85	261.98	4170.5333	8.0	1
85	334.99	4178.3658	11.5	1
85	377.77	4182.9342	6.5	1
85	639.0	4209.1964	8.8	1
85	656.82	4210.9232	18.1	1
85	740.73	4218.6649	10.5	1
85	783.5	4222.6373	9.3	1
85	802.44	4224.2413	3.5	1
85	833.46	4226.9876	9.8	1
85	846.59	4228.158	22.5	1
85	857.53	4229.1477	7.2	1
85	866.06	4229.8644	5.6	1
85	952.94	4237.2198	12.0	1
84	179.5	4210.9232	4.5	1
84	324.45	4226.9876	10.5	1
84	335.21	4228.158	31.8	1
84	347.43	4229.4545	5.9	1
84	359.46	4230.8242	6.5	1
84	403.8	4235.4636	13.1	1
84	528.36	4248.3908	11.0	1
84	547.62	4250.3146	22.2	1
84	556.38	4251.1846	51.0	1
84	607.72	4256.2537	8.7	1
84	620.25	4257.4963	22.5	1
84	712.48	4266.2864	332.8	1
84	725.98	4267.5191	11.8	1
84	741.99	4269.0639	7.3	1
84	789.57	4273.3574	11.1	1
84	808.74	4275.1596	23.1	1
84	869.77	4280.568	5.8	1
84	886.98	4282.0413	12.9	1
84	896.91	4282.8976	35.5	1
84	936.55	4286.2285	4.3	1
83	20.57	4243.2611	5.0	1
83	159.14	4259.3619	91.3	1
83	272.14	4272.1689	428.4	1
83	299.21	4275.1596	27.1	1
83	320.6	4277.5282	1923.5	1
83	348.69	4280.568	12.1	1
83	362.28	4282.0413	17.5	1
83	369.9	4282.8976	94.2	1
83	453.35	4291.8098	19.5	1
83	489.51	4295.5849	11.5	1
83	581.94	4304.9565	16.2	1
83	603.96	4307.1762	60.7	1
83	613.69	4308.122	35.4	1
83	624.59	4309.2392	1319.0	1
83	650.85	4311.7994	41.0	1
83	663.33	4312.9975	327.8	1
83	677.02	4314.3195	25.4	1
83	686.78	4315.2543	117.7	1
83	719.88	4318.4157	43.0	1
83	738.19	4320.1264	32.9	1
83	793.36	4325.2741	22.0	1
83	833.92	4328.9154	99.0	1
83	868.87	4332.0297	608.8	1
83	886.28	4333.5612	3968.8	1
83	927.14	4337.0708	308.0	1
83	971.69	4340.8954	16.0	1
83	990.38	4342.4442	44.9	1
83	1004.0	4343.6035	5.5	1
82	24.96	4295.5849	1.6	1
82	39.52	4297.3066	1.5	1
82	63.06	4300.1008	62.5	1
82	140.77	4309.2392	103.5	1
82	162.88	4311.7994	7.5	1
82	173.26	4312.9975	41.6	1
82	192.46	4315.2543	15.4	1
82	313.38	4328.9154	92.6	1
82	333.99	4331.1995	3740.0	1
82	371.61	4335.3379	2529.3	1
82	387.92	4337.0708	734.9	1
82	413.5	4339.8716	20.0	1
82	423.08	4340.8954	56.5	1
82	437.39	4342.4442	190.9	1
82	463.0	4345.168	4221.4	1
82	475.03	4346.4367	172.1	1
82	530.32	4352.2049	2632.4	1
82	542.35	4353.4487	235.3	1
82	590.64	4358.32	121.5	1
82	600.67	4359.3719	109.8	1
82	608.55	4360.1672	45.6	1
82	627.59	4362.0662	2294.7	1
82	645.08	4363.7945	491.9	1
82	666.83	4365.9301	282.1	1
82	686.28	4367.8316	5722.9	1
82	734.78	4372.49	246.1	1
82	751.99	4374.1239	1088.5	1
82	771.54	4375.9542	5416.2	1
82	795.44	4378.1768	498.8	1
82	835.6	4381.8601	224.5	1
82	940.16	4391.1105	195.9	1
82	961.83	4392.974	55.5	1
82	971.13	4393.759	19.0	1
82	1003.55	4396.4783	9.2	1
81	20.1	4348.064	247.9	1
81	54.6	4352.2049	31.0	1
81	64.98	4353.4487	4.0	1
81	100.22	4357.6132	4.2	1
81	114.52	4359.3719	6.5	1
81	137.5	4362.0662	143.1	1
81	152.18	4363.7945	40.5	1
81	170.5	4365.9301	29.0	1
81	186.59	4367.8316	718.8	1
81	226.55	4372.49	52.6	1
81	240.81	4374.1239	332.0	1
81	256.81	4375.9542	2242.3	1
81	276.21	4378.1768	280.3	1
81	308.72	4381.8601	171.5	1
81	337.23	4385.0566	3987.7	1
81	391.88	4391.1105	437.4	1
81	408.94	4392.974	158.4	1
81	440.77	4396.4783	40.3	1
81	474.9	4400.0968	6515.0	1
81	501.55	4402.9271	598.0	1
81	558.59	4408.8828	1561.6	1
81	568.37	4409.8991	67.2	1
81	613.39	4414.4863	317.3	1
81	636.59	4416.8447	218.2	1
81	689.21	4422.0479	167.7	1
81	782.36	4430.9963	4913.6	1
81	795.66	4432.2523	122.5	1
81	847.42	4436.9961	52.1	1
81	898.24	4441.6084	49.5	1
81	921.29	4443.6657	43.5	1
81	946.67	4445.9012	226.2	1
81	1004.2	4450.804	21.5	1
80	72.99	4408.8828	31.7	1
80	183.12	4422.0479	21.5	1
80	284.14	4433.838	2360.4	1
80	311.72	4436.9961	38.8	1
80	333.46	4439.4614	2147.4	1
80	352.44	4441.6084	58.3	1
80	370.69	4443.6657	90.6	1
80	390.66	4445.9012	454.8	1
80	435.34	4450.804	99.7	1
80	451.42	4452.5655	464.3	1
80	501.81	4458.0015	650.9	1
80	525.86	4460.5574	916.1	1
80	555.59	4463.666	131.3	1
80	571.4	4465.3406	100.1	1
80	600.0	4468.3208	49.0	1
80	611.84	4469.5253	229.5	1
80	626.3	4470.9906	67.6	1
80	702.08	4478.5958	134.4	1
80	712.88	4479.6376	71.5	1
80	750.71	4483.3468	158.6	1
80	787.75	4486.8973	433.4	1
80	806.59	4488.6803	88.6	1
80	817.05	4489.6645	100.6	1
80	843.2	4492.1007	31.9	1
80	871.0	4494.6907	23.6	1
80	913.91	4498.5384	449.4	1
80	930.13	4499.9832	108.9	1
80	989.98	4505.2167	58.5	1
80	1004.65	4506.473	28.3	1
79	31.0	4459.5477	2.0	1
79	47.0	4461.5278	3.5	1
79	102.49	4468.3208	4.5	1
79	187.84	4478.5958	18.3	1
79	196.56	4479.6376	14.5	1
79	227.41	4483.3468	38.9	1
79	257.69	4486.8973	160.9	1
79	273.03	4488.6803	47.3	1
79	281.3	4489.6645	46.2	1
79	302.8	4492.1007	29.0	1
79	324.9	4494.6907	20.4	1
79	358.5	4498.5384	559.6	1
79	371.23	4499.9832	177.2	1
79	417.78	4505.2167	163.1	1
79	429.33	4506.473	80.4	1
79	441.5	4507.8339	93.0	1
79	494.74	4513.6799	158.5	1
79	546.71	4519.2592	174.5	1
79	565.05	4521.1939	617.9	1
79	593.18	4524.1289	38.7	1
79	630.55	4528.0208	41.2	1
79	655.16	4530.5523	2335.8	1
79	690.52	4534.1198	40.3	1
79	725.81	4537.6426	500.8	1
79	759.97	4540.999	339.9	1
79	789.65	4543.8692	257.4	1
79	870.2	4551.4736	53.8	1
79	877.56	4552.1536	94.1	1
79	917.7	4555.8127	269.1	1
79	945.99	4558.3458	43.3	1
79	979.94	4561.3477	101.0	1
78	75.67	4522.323	79.0	1
78	125.0	4528.4097	6.0	1
78	142.41	4530.5523	172.8	1
78	200.79	4537.6426	93.8	1
78	228.8	4540.999	87.5	1
78	285.72	4547.7589	309.3	1
78	323.17	4552.1536	90.3	1
78	354.83	4555.8127	396.1	1
78	376.81	4558.3458	75.8	1
78	403.3	4561.3477	247.8	1
78	455.64	4567.2403	295.8	1
78	463.77	4568.1426	107.0	1
78	489.48	4570.9722	526.0	1
78	528.62	4575.2338	57.4	1
78	584.03	4581.1732	144.0	1
78	653.1	4588.4261	856.7	1
78	694.55	4592.666	588.1	1
78	721.85	4595.4206	2681.4	1
78	728.59	4596.0967	7462.8	1
78	800.27	4603.1446	203.4	1
78	835.65	4606.5021	56.1	1
78	850.07	4607.9347	188.8	1
78	899.59	4612.5435	64.6	1
78	911.11	4613.6044	174.1	1
78	929.95	4615.334	139.8	1
78	976.3	4619.4794	54.4	1
78	984.99	4620.2408	59.9	1
78	994.94	4621.1629	112.9	1
77	134.42	4588.4261	64.0	1
77	168.78	4592.666	80.2	1
77	196.7	4596.0967	1473.2	1
77	254.67	4603.1446	83.8	1
77	294.74	4607.9347	126.6	1
77	342.99	4613.6044	207.2	1
77	393.63	4619.4794	121.8	1
77	407.99	4621.1629	316.4	1
77	425.24	4623.1169	62.8	1
77	435.71	4624.314	133.5	1
77	462.19	4627.298	197.9	1
77	472.37	4628.4409	5784.3	1
77	501.77	4631.7617	288.7	1
77	520.2	4633.7657	418.2	1
77	565.38	4638.6849	524.7	1
77	610.55	4643.5566	124.1	1
77	621.6	4644.7072	148.5	1
77	674.38	4650.2343	322.4	1
77	722.6	4655.2126	201.8	1
77	766.31	4659.5698	186.7	1
77	803.09	4663.2026	950.6	1
77	821.01	4664.9704	93.7	1
77	854.5	4668.1716	639.9	1
77	873.49	4669.9842	766.7	1
77	899.63	4672.4372	46.0	1
77	931.22	4675.376	82.7	1
77	938.66	4676.0555	485.4	1
77	962.19	4678.2352	61.0	1
77	985.0	4680.2377	87.6	1
77	1007.58	4682.2319	342.2	1
76	42.88	4637.2328	191.6	1
76	64.81	4640.0462	5.0	1
76	185.12	4655.2126	42.3	1
76	220.64	4659.5698	55.6	1
76	250.43	4663.2026	356.8	1
76	306.45	4669.9842	663.7	1
76	357.53	4676.0555	694.6	1
76	393.47	4680.2377	189.3	1
76	410.65	4682.2319	1010.7	1
76	419.89	4683.3517	451.2	1
76	483.56	4690.6219	693.3	1
76	492.28	4691.6354	814.9	1
76	514.44	4694.0914	528.6	1
76	522.9	4695.0381	3081.4	1
76	551.7	4698.2248	172.4	1
76	575.16	4700.7711	193.1	1
76	620.93	4705.7606	331.2	1
76	644.82	4708.294	541.8	1
76	668.74	4710.8238	727.4	1
76	684.49	4712.4814	729.4	1
76	762.2	4720.4586	234.1	1
76	773.38	4721.591	2616.0	1
76	805.27	4724.7723	131.4	1
76	849.65	4729.1282	935.9	1
76	865.71	4730.6593	395.7	1
76	961.29	4739.6764	335.8	1
76	970.73	4740.5292	332.8	1
76	988.54	4742.1174	152.7	1
76	1005.64	4743.687	109.1	1
75	11.45	4695.0381	22.5	1
75	67.77	4702.3161	475.8	1
75	80.76	4703.9898	422.7	1
75	94.83	4705.7606	12.1	1
75	114.46	4708.294	36.2	1
75	134.24	4710.8238	63.9	1
75	147.43	4712.4814	90.4	1
75	210.53	4720.4586	65.1	1
75	219.6	4721.591	817.0	1
75	280.64	4729.1282	615.9	1
75	293.39	4730.6593	295.1	1
75	321.51	4734.0458	102.1	1
75	367.91	4739.6764	644.8	1
75	378.56	4740.9585	712.0	1
75	388.65	4742.1174	332.9	1
75	401.85	4743.687	291.6	1
75	415.79	4745.3375	291.8	1
75	449.05	4749.2002	1583.1	1
75	519.17	4757.2196	1480.5	1
75	553.78	4761.1101	186.0	1
75	664.85	4773.241	258.7	1
75	689.01	4775.794	365.9	1
75	756.02	4782.7612	160.1	1
75	767.07	4783.8617	436.0	1
75	799.17	4787.148	632.0	1
75	832.56	4790.4373	73.8	1
75	848.73	4792.0819	964.8	1
75	888.11	4795.9131	288.1	1
75	942.22	4801.0517	36.8	1
75	959.48	4802.6714	43.5	1
74	73.02	4766.6006	80.7	1
74	124.03	4773.241	25.5	1
74	144.02	4775.794	45.2	1
74	175.18	4779.7286	70.2	1
74	198.42	4782.7612	42.4	1
74	207.58	4783.8617	122.7	1
74	233.34	4787.148	234.6	1
74	272.79	4792.0819	637.2	1
74	303.79	4795.9131	258.8	1
74	345.44	4801.0517	59.4	1
74	359.14	4802.6714	78.9	1
74	445.78	4813.0069	322.6	1
74	479.97	4817.0206	226.8	1
74	498.88	4819.193	394.3	1
74	513.58	4820.8847	1743.1	1
74	592.5	4829.7973	341.7	1
74	619.7	4832.8025	750.1	1
74	670.51	4838.3546	107.2	1
74	706.09	4842.1676	127.3	1
74	722.88	4843.9413	1205.0	1
74	734.56	4845.1626	439.6	1
74	785.48	4850.4397	431.0	1
74	809.37	4852.8685	426.3	1
74	856.02	4857.5385	130.7	1
74	893.23	4861.2167	389.3	1
74	913.25	4863.1724	1329.9	1
74	959.31	4867.556	693.6	1
74	973.32	4868.8814	299.8	1
74	999.26	4871.289	241.0	1
73	33.59	4826.7004	41.5	1
73	56.95	4829.7973	13.2	1
73	67.13	4831.1213	174.9	1
73	79.83	4832.8025	32.2	1
73	164.8	4843.9413	202.3	1
73	174.21	4845.1626	95.1	1
73	215.24	4850.4397	165.4	1
73	234.27	4852.8685	201.6	1
73	300.48	4861.2167	328.7	1
73	316.02	4863.1724	1517.0	1
73	351.57	4867.556	1094.3	1
73	362.34	4868.8814	568.4	1
73	382.09	4871.289	626.9	1
73	395.52	4872.9169	2505.1	1
73	407.44	4874.3645	1001.9	1
73	464.57	4881.2046	866.2	1
73	473.56	4882.2432	4501.3	1
73	544.05	4890.4582	367.3	1
73	564.34	4892.7592	539.1	1
73	621.92	4899.2401	429.9	1
73	647.03	4902.0545	1154.0	1
73	694.11	4907.2093	238.8	1
73	721.79	4910.1576	825.9	1
73	727.7	4910.7929	412.1	1
73	744.11	4912.5293	334.1	1
73	794.92	4917.822	119.2	1
73	814.12	4919.8157	2684.2	1
73	874.37	4925.9501	167.8	1
73	893.03	4927.7803	638.7	1
73	906.25	4929.086	163.1	1
73	915.49	4929.985	75.5	1
73	986.26	4936.7746	282.9	1
73	997.25	4937.8295	466.3	1
72	26.25	4892.7592	5.5	1
72	74.49	4899.2401	16.7	1
72	95.34	4902.0545	72.9	1
72	156.56	4910.1576	124.5	1
72	174.6	4912.5293	67.5	1
72	215.48	4917.822	53.7	1
72	230.68	4919.8157	1149.2	1
72	278.12	4925.9501	149.8	1
72	292.69	4927.7803	579.5	1
72	302.93	4929.086	170.5	1
72	364.48	4936.7746	554.9	1
72	372.85	4937.8295	1122.8	1
72	402.05	4941.416	161.3	1
72	445.22	4946.6637	631.7	1
72	478.48	4950.6264	352.7	1
72	495.92	4952.6908	197.9	1
72	541.67	4958.0988	204.2	1
72	572.99	4961.726	401.7	1
72	634.54	4968.7556	289.8	1
72	646.43	4970.0785	433.8	1
72	713.26	4977.3906	108.8	1
72	738.7	4980.1859	644.9	1
72	760.23	4982.4875	1111.8	1
72	770.08	4983.5324	84.5	1
72	808.49	4987.5582	146.4	1
72	825.22	4989.3086	667.1	1
72	857.51	4992.6372	263.3	1
72	868.64	4993.7488	430.5	1
72	968.22	5003.5981	188.3	1
71	26.16	4961.726	5.0	1
71	87.42	4970.0785	29.5	1
71	162.79	4980.1859	140.3	1
71	180.08	4982.4875	282.0	1
71	231.81	4989.3086	346.3	1
71	257.26	4992.6372	188.0	1
71	266.03	4993.7488	337.2	1
71	347.03	5004.1279	357.6	1
71	473.64	5019.8062	1795.6	1
71	492.15	5022.0051	585.3	1
71	505.83	5023.7084	262.0	1
71	558.16	5029.8916	1192.7	1
71	617.17	5036.7284	165.2	1
71	651.51	5040.6805	600.8	1
71	676.99	5043.5145	218.6	1
71	733.88	5049.796	1852.6	1
71	742.96	5050.7842	1984.0	1
71	753.15	5051.8887	751.4	1
71	785.02	5055.3473	503.3	1
71	810.34	5057.9866	492.9	1
71	863.15	5063.5157	376.3	1
71	877.21	5064.9454	2718.8	1
71	888.73	5066.1355	413.9	1
71	920.49	5069.3384	124.0	1
71	974.26	5074.6465	83.4	1
71	982.61	5075.4659	54.2	1
70	84.1	5040.6805	52.7	1
70	130.94	5047.0434	282.2	1
70	158.52	5050.7842	376.4	1
70	166.68	5051.8887	172.3	1
70	192.1	5055.3473	183.2	1
70	273.66	5066.1355	381.3	1
70	298.41	5069.3384	149.1	1
70	339.35	5074.6465	137.8	1
70	380.57	5079.9079	180.7	1
70	392.61	5081.4462	565.2	1
70	420.57	5084.9935	381.5	1
70	465.26	5090.5455	18907.1	1
70	502.5	5095.0639	301.8	1
70	527.27	5098.0432	380.6	1
70	639.34	5111.2781	919.0	1
70	700.42	5118.2023	2358.5	1
70	739.2	5122.4995	466.1	1
70	793.93	5128.4897	405.6	1
70	818.01	5131.072	136.6	1
70	837.2	5133.1051	156.1	1
70	866.18	5136.121	183.8	1
70	878.85	5137.4733	382.5	1
70	985.0	5148.2115	126.4	1
70	995.34	5149.2069	115.8	1
69	66.28	5111.2781	59.0	1
69	116.19	5118.2023	336.2	1
69	210.06	5131.072	72.2	1
69	225.47	5133.1051	87.8	1
69	257.91	5137.4733	294.2	1
69	306.44	5143.9165	980.2	1
69	339.19	5148.2115	239.3	1
69	346.86	5149.2069	250.3	1
69	458.62	5163.4584	3230.3	1
69	477.15	5165.7728	5165.7	1
69	502.52	5168.9225	501.1	1
69	513.37	5170.2227	239.5	1
69	541.57	5173.6715	497.1	1
69	555.23	5175.3248	927.5	1
69	562.7	5176.2292	4192.8	1
69	581.05	5178.48	192.8	1
69	600.14	5180.7209	173.7	1
69	620.48	5183.0897	388.0	1
69	632.03	5184.4534	381.8	1
69	648.59	5186.4132	446.0	1
69	718.76	5194.4576	1004.8	1
69	743.54	5197.236	184.9	1
69	803.36	5203.8479	175.8	1
69	815.4	5205.1522	326.2	1
69	892.54	5213.3492	934.6	1
69	925.7	5216.8139	948.6	1
68	52.28	5184.4534	15.1	1
68	123.06	5194.4576	163.8	1
68	142.91	5197.236	44.6	1
68	200.06	5205.1522	161.8	1
68	260.1	5213.3492	882.0	1
68	285.56	5216.8139	1067.0	1
68	371.87	5228.2246	424.0	1
68	410.27	5233.2254	331.8	1
68	417.31	5234.1069	290.1	1
68	453.97	5238.8137	1591.0	1
68	626.82	5260.1041	1203.1	1
68	682.99	5266.7103	3808.3	1
68	709.32	5269.7927	672.3	1
68	737.31	5272.927	547.6	1
68	809.77	5281.0687	580.9	1
68	909.61	5291.8163	315.7	1
67	39.8	5260.1041	47.2	1
67	107.09	5269.7927	105.7	1
67	129.71	5272.927	115.9	1
67	137.78	5274.1188	270.3	1
67	191.15	5281.6285	497.7	1
67	264.65	5291.8163	316.4	1
67	312.03	5298.2824	912.5	1
67	440.0	5315.2278	815.3	1
67	458.02	5317.4944	1023.5	1
67	483.18	5320.7699	196.7	1
67	500.06	5322.8988	193.9	1
67	554.31	5329.6979	1230.3	1
67	642.6	5340.4982	264.2	1
67	763.4	5354.6016	314.6	1
67	772.15	5355.6365	238.7	1
67	821.17	5361.1556	283.7	1
67	833.93	5362.5751	480.0	1
67	860.49	5365.4705	116.5	1
67	908.89	5370.7096	328.8	1
67	927.67	5372.7027	181.7	1
67	989.15	5379.1105	805.1	1
66	44.74	5340.4982	16.0	1
66	197.35	5362.5751	240.9	1
66	218.05	5365.4705	86.8	1
66	255.19	5370.7096	310.6	1
66	275.25	5373.4943	1223.7	1
66	284.85	5374.8219	889.0	1
66	315.71	5379.1105	1527.1	1
66	332.62	5381.3709	128.7	1
66	344.29	5382.9276	299.4	1
66	381.59	5388.0507	356.5	1
66	415.83	5392.5726	374.0	1
66	463.97	5398.9219	1138.1	1
66	492.58	5402.6048	2203.6	1
66	623.92	5419.1285	166.3	1
66	677.76	5425.6783	478.7	1
66	737.81	5432.765	154.8	1
66	764.3	5435.8925	131.8	1
66	777.28	5437.3877	156.2	1
66	783.88	5438.1374	193.1	1
66	820.03	5442.2477	747.8	1
66	1000.06	5461.7358	76.9	1
65	53.29	5424.0079	83.3	1
65	64.66	5425.6783	63.8	1
65	121.92	5434.1514	178.2	1
65	134.04	5435.8925	68.4	1
65	149.42	5438.1374	72.5	1
65	177.57	5442.2477	315.7	1
65	321.12	5462.6129	142.8	1
65	332.69	5464.2055	1125.1	1
65	354.16	5467.1704	1041.5	1
65	442.12	5479.0751	285.6	1
65	526.26	5490.1194	984.6	1
65	545.8	5492.6435	1686.1	1
65	559.05	5494.3306	639.2	1
65	589.38	5498.1841	1565.7	1
65	638.3	5504.3018	1634.8	1
65	783.61	5521.7532	146.7	1
65	831.72	5527.2953	189.3	1
65	839.89	5528.2272	187.7	1
65	855.79	5530.0763	89.0	1
65	909.25	5535.971	95.9	1
65	993.64	5545.0495	303.2	1
64	23.42	5504.3018	78.4	1
64	35.4	5506.1128	390.2	1
64	122.8	5519.2353	112.6	1
64	140.0	5521.7532	63.0	1
64	177.59	5527.2953	95.7	1
64	196.65	5530.0763	58.4	1
64	237.06	5535.971	101.8	1
64	259.83	5539.2618	2997.0	1
64	285.21	5542.89	629.3	1
64	300.43	5545.0495	496.7	1
64	345.11	5551.3719	184.3	1
64	354.24	5552.6229	418.8	1
64	375.29	5555.5312	163.9	1
64	438.59	5564.2011	164.4	1
64	466.72	5567.9986	303.0	1
64	528.5	5576.2045	1055.5	1
64	539.82	5577.6845	4193.2	1
64	552.68	5579.3583	2719.6	1
64	586.7	5583.7621	242.8	1
64	625.7	5588.7506	2327.6	1
64	664.62	5593.6129	416.3	1
64	695.97	5597.4756	2323.0	1
64	753.73	5604.5154	771.8	1
64	817.96	5612.0679	911.4	1
64	886.99	5619.9755	234.2	1
64	931.13	5624.9129	103.9	1
64	938.35	5625.6782	368.9	1
64	981.2	5630.2969	135.2	1
63	35.83	5593.6129	28.5	1
63	61.02	5597.4756	271.3	1
63	88.04	5601.6032	695.2	1
63	107.04	5604.5154	208.5	1
63	157.42	5612.0679	382.9	1
63	249.43	5625.6782	432.1	1
63	301.75	5633.295	375.0	1
63	346.98	5639.7461	1357.1	1
63	477.91	5657.9255	733.6	1
63	498.24	5660.6594	127.1	1
63	515.92	5663.042	384.2	1
63	531.9	5665.1799	1898.4	1
63	546.72	5667.1281	549.4	1
63	606.64	5674.9864	440.7	1
63	637.78	5679.005	197.2	1
63	686.85	5685.1921	467.0	1
63	704.19	5687.3489	209.5	1
63	739.21	5691.6612	1982.5	1
63	815.73	5700.9176	1034.8	1
63	830.87	5702.6511	151.8	1
63	856.6	5705.6371	128.1	1
63	882.48	5708.6794	152.4	1
63	958.44	5717.1711	124.6	1
62	23.17	5681.9001	171.9	1
62	44.28	5685.1921	49.0	1
62	85.96	5691.6612	403.6	1
62	116.65	5696.3904	73.2	1
62	145.95	5700.9176	491.6	1
62	157.57	5702.6511	84.1	1
62	197.4	5708.6794	123.4	1
62	254.45	5717.1711	157.3	1
62	326.12	5727.7103	175.2	1
62	384.01	5736.0297	249.3	1
62	474.66	5748.7412	1102.8	1
62	649.95	5772.1143	2650.3	1
62	664.14	5773.9463	1034.3	1
62	690.93	5777.4006	200.8	1
62	710.0	5779.8352	106.3	1
62	789.32	5789.6451	1023.2	1
62	925.44	5805.7017	103.2	1
62	942.97	5807.6814	92.9	1
62	952.04	5808.6569	65.6	1
61	16.21	5773.9463	61.2	1
61	37.75	5777.4006	18.4	1
61	115.39	5789.6451	344.0	1
61	172.55	5798.478	98.6	1
61	196.03	5802.0798	1174.6	1
61	232.56	5807.6814	98.5	1
61	457.86	5840.6404	264.6	1
61	480.4	5843.8069	325.6	1
61	544.55	5852.6806	730.0	1
61	649.87	5866.8119	153.1	1
61	662.33	5868.3745	136.0	1
61	683.88	5871.1828	214.8	1
61	745.72	5879.1265	93.2	1
61	940.67	5902.6021	92.1	1
60	22.05	5871.1828	23.4	1
60	202.67	5899.8441	183.6	1
60	230.73	5904.1592	89.0	1
60	239.6	5905.5707	313.8	1
60	299.44	5914.6709	1416.7	1
60	327.82	5918.9442	285.5	1
60	446.52	5936.3861	193.6	1
60	515.64	5946.2347	86.6	1
60	621.74	5960.7806	125.3	1
60	649.33	5964.4723	304.9	1
60	689.1	5969.7373	159.8	1
60	784.02	5981.8846	164.6	1
60	981.98	6005.7242	367.2	1
59	27.2	5971.6008	98.5	1
59	48.37	5975.0648	209.6	1
59	90.52	5981.8846	65.4	1
59	146.86	5991.0071	460.2	1
59	182.23	5996.6297	105.3	1
59	197.08	5998.9987	930.8	1
59	211.06	6001.2033	269.3	1
59	239.84	6005.7242	531.7	1
59	248.52	6007.0722	568.4	1
59	291.21	6013.6777	952.2	1
59	302.52	6015.4218	104.4	1
59	339.34	6021.0357	947.0	1
59	434.3	6035.1923	173.4	1
59	543.92	6050.9818	166.0	1
59	576.39	6055.5937	78.8	1
59	619.81	6061.5361	86.2	1
59	674.82	6069.0207	190.5	1
59	684.6	6070.3412	80.1	1
59	982.46	6107.5337	116.6	1
58	18.2	6073.1036	14.5	1
58	46.77	6077.8728	36.1	1
58	55.06	6079.2227	57.2	1
58	67.05	6081.2433	63.3	1
58	92.31	6085.3748	91.0	1
58	228.83	6107.5337	139.6	1
58	266.27	6113.4657	322.3	1
58	305.82	6119.6998	309.0	1
58	329.59	6123.3619	464.5	1
58	355.98	6127.416	817.1	1
58	430.22	6138.6465	605.4	1
58	543.48	6155.2385	1417.7	1
58	556.22	6157.0878	201.4	1
58	586.27	6161.3534	177.9	1
58	947.88	6208.6869	84.7	1
57	10.66	6178.4315	35.7	1
57	24.28	6180.705	31.0	1
57	145.79	6201.1002	160.9	1
57	191.96	6208.6869	82.5	1
57	261.59	6220.0112	141.9	1
57	269.6	6221.3192	110.0	1
57	301.5	6226.3697	282.8	1
57	355.38	6234.8554	357.2	1
57	386.67	6239.7121	196.7	1
57	394.74	6240.9536	173.8	1
57	409.02	6243.1201	1453.5	1
57	503.88	6257.4237	268.8	1
57	600.72	6271.5444	247.8	1
57	633.51	6276.1646	121.9	1
57	815.74	6300.9165	117.1	1
57	833.78	6303.2507	104.7	1
57	932.74	6315.775	123.0	1
57	1004.18	6324.3978	205.5	1
56	81.02	6300.9165	55.3	1
56	94.99	6303.2507	58.6	1
56	129.74	6309.16	167.2	1
56	139.3	6310.8101	113.1	1
56	168.9	6315.775	129.3	1
56	220.85	6324.3978	256.2	1
56	274.21	6333.1459	225.4	1
56	301.74	6337.6201	200.5	1
56	314.69	6339.6684	184.5	1
56	354.78	6346.1209	122.4	1
56	371.48	6348.7375	397.4	1
56	417.07	6355.9108	265.9	1
56	424.38	6357.0229	227.7	1
56	475.57	6364.8937	646.6	1
56	506.5	6369.5748	1596.2	1
56	555.72	6376.9305	492.4	1
56	574.28	6379.6733	85.6	1
56	585.76	6381.3598	72.7	1
56	662.31	6392.3685	61.7	1
56	672.66	6393.7972	263.4	1
56	711.06	6399.2065	307.4	1
56	721.9	6400.6961	155.0	1
56	738.62	6403.0128	319.6	1
56	817.09	6413.6145	266.2	1
56	853.32	6418.3703	280.6	1
56	888.3	6422.8969	206.7	1
56	934.52	6428.7733	91.8	1
55	70.3	6413.6145	102.6	1
55	97.48	6418.3703	154.6	1
55	123.82	6422.8969	170.1	1
55	157.72	6428.7733	83.6	1
55	217.92	6438.916	133.5	1
55	235.58	6441.8994	338.6	1
55	247.34	6443.8598	352.6	1
55	264.85	6446.7712	126.7	1
55	284.32	6450.006	154.2	1
55	520.14	6487.4811	110.9	1
55	529.48	6488.8832	113.7	1
55	563.03	6493.9694	513.5	1
55	586.54	6497.4919	83.6	1
55	597.47	6499.1061	320.1	1
55	651.36	6506.9868	215.0	1
55	699.04	6513.8462	347.0	1
55	757.45	6522.0432	221.7	1
55	876.38	6538.112	1898.3	1
55	982.46	6551.7055	359.3	1
55	1002.48	6554.1603	579.9	1
54	12.2	6522.0432	36.3	1
54	221.94	6558.8756	213.7	1
54	254.34	6564.4445	175.9	1
54	285.45	6569.6322	161.2	1
54	463.12	6598.6778	476.6	1
54	557.47	6613.374	302.6	1
54	784.08	6646.5407	140.2	1
54	949.81	6668.8163	184.5	1
54	995.9	6674.6969	787.7	1
53	76.94	6656.9386	241.1	1
53	106.53	6662.2686	1325.7	1
53	116.5	6664.051	1413.3	1
53	143.08	6668.8163	183.1	1
53	176.43	6674.6969	691.2	1
53	207.03	6680.0811	104.0	1
53	280.08	6692.7262	181.6	1
53	287.51	6694.0068	178.3	1
53	390.0	6711.2521	375.2	1
53	406.49	6713.97	495.5	1
53	427.4	6717.3851	208.5	1
53	438.57	6719.1995	3220.1	1
53	461.23	6722.8899	566.9	1
53	489.66	6727.4583	2135.2	1
53	529.15	6733.7488	301.2	1
53	557.56	6738.18	239.3	1
53	587.66	6742.8845	214.4	1
53	689.15	6758.2035	217.4	1
53	771.26	6770.1069	157.8	1
53	785.75	6772.1745	186.8	1
53	906.32	6788.8403	349.4	1
53	924.23	6791.2351	375.3	1
52	97.82	6788.8403	235.7	1
52	110.96	6791.2351	286.8	1
52	206.79	6808.5311	676.9	1
52	426.96	6846.479	333.5	1
52	459.42	6851.8842	1496.7	1
52	531.02	6863.535	1986.3	1
52	561.89	6868.4508	487.7	1
52	601.9	6874.753	1958.1	1
52	633.01	6879.5824	6775.4	1
52	882.8	6916.1289	426.5	1
52	947.91	6925.0094	1567.9	1
51	114.15	6925.0094	1301.1	1
51	225.63	6945.4902	768.1	1
51	276.75	6954.656	598.0	1
51	495.1	6992.2126	5341.8	1
51	560.56	7002.8829	598.9	1
51	638.12	7015.3172	463.3	1
51	676.95	7021.2832	390.3	1
51	702.29	7025.2251	1241.2	1
51	753.57	7032.931	433.6	1
51	840.99	7045.797	563.2	1
51	895.9	7053.6196	315.3	1
51	931.25	7058.4895	369.8	1
51	946.99	7060.6538	1770.1	1
51	975.06	7064.4515	743.6	1
50	21.34	7045.797	112.5	1
50	87.47	7058.4895	251.0	1
50	98.74	7060.6538	1181.2	1
50	160.91	7072.3939	729.1	1
50	176.55	7075.3336	485.6	1
50	238.06	7086.7044	4960.5	1
50	383.74	7112.9189	477.8	1
50	392.43	7114.3984	565.1	1
50	451.03	7124.5607	8089.8	1
50	484.06	7130.1846	590.0	1
50	498.36	7132.61	506.1	1
50	556.63	7142.331	718.3	1
50	605.13	7150.2844	3034.6	1
50	682.08	7162.5569	3565.7	1
50	711.51	7167.2028	577.3	1
50	751.92	7173.3725	859.7	1
50	871.34	7191.1328	514.5	1
50	984.12	7206.9804	39565.4	1
49	87.11	7202.5166	772.6	1
49	167.57	7218.0542	1777.3	1
49	230.46	7229.9386	2605.3	1
49	295.94	7242.0919	963.7	1
49	317.81	7246.1277	647.6	1
49	368.52	7255.3541	705.5	1
49	384.3	7258.177	708.8	1
49	468.03	7272.9359	415214.1	1
49	540.76	7285.4437	4628.5	1
49	605.5	7296.2659	485.0	1
49	616.78	7298.1434	479.1	1
49	700.75	7311.7159	37576.8	1
49	727.9	7316.005	21990.9	1
49	882.95	7339.6035	489.1	1
49	903.43	7342.5769	508.1	1
49	941.77	7348.053	763.7	1
49	978.69	7353.293	45772.1	1
48	78.02	7350.814	3189.9	1
48	211.22	7376.8772	956.2	1
48	295.74	7392.9801	23573.3	1
48	400.47	7412.3368	13878.6	1
48	434.86	7418.5499	1209.4	1
48	455.9	7422.3118	3344.1	1
48	493.34	7428.9405	3540.3	1
48	500.8	7430.2533	1524.3	1
48	559.74	7440.4933	715.2	1
48	584.54	7444.7489	985.9	1
48	602.99	7447.8488	785.2	1
48	809.89	7481.3545	1621.1	1
48	853.32	7487.9738	757.3	1
48	938.47	7500.6556	4042.1	1
47	168.75	7525.5079	917.5	1
47	197.06	7531.1437	637.4	1
47	224.34	7536.4365	599.5	1
47	290.56	7549.3138	1432.6	1
47	611.83	7607.823	794.3	1
47	673.68	7618.3443	3632.0	1
47	684.01	7620.0773	504.2	1
47	727.13	7627.1749	1443.0	1
47	737.52	7628.8818	5985.5	1
47	925.68	7658.3246	737.1	1
47	1005.68	7670.0575	3844.8	1
46	869.52	7816.1534	418.6	1
46	909.99	7822.3877	383.5	1
40	199.58	8849.9165	292.2	1
39	599.54	9165.895	111.4	1
39	900.08	9224.4992	38779.1	1
38	562.13	9399.0891	150.7	1
37	583.3	9657.7863	18552.7	1
