135	718.32	3545.845	62.0	0
135	1225.3	3559.5081	161.4	0
135	1283.08	3561.0304	165.7	0
134	315.1	3561.0304	55.0	0
134	1087.26	3582.3546	355.0	0
134	1315.14	3588.4407	460.5	0
133	682.38	3598.1199	206.1	0
133	986.64	3606.5218	313.9	0
133	1306.19	3615.1327	110.1	0
131	306.82	3642.249	439.3	0
131	917.99	3659.6294	4297.1	0
131	1046.98	3663.2025	987.7	0
131	1502.41	3675.5675	318.4	0
131	813.37	3656.6938	565.7	0
129	386.12	3700.9872	465.9	0
129	985.13	3718.2065	8357.2	0
129	1028.76	3719.4347	27694.8	0
129	1384.72	3729.3087	7233.1	0
127	591.12	3765.27	11172.3	0
127	800.13	3771.3708	15746.9	0
127	1427.3	3789.168	3159.5	0
125	366.34	3818.686	920.3	0
125	689.63	3828.3846	38803.9	0
125	1075.66	3839.6958	43280.2	0
125	1457.27	3850.5813	14164.6	0
123	143.42	3873.8224	3373.1	0
123	568.99	3886.9159	7944.0	0
123	952.77	3898.4374	4955.5	0
123	1414.76	3911.9091	5685.4	0
123	1572.59	3916.4176	5903.5	0
121	500.4	3948.9789	37518.0	0
121	836.43	3959.3	7847.4	0
121	1265.82	3972.1545	16542.1	0
121	1512.29	3979.3559	7607.2	0
119	412.34	4012.4952	18153.4	0
119	1001.0	4030.8424	81567.5	0
119	1452.47	4044.4179	54802.6	0
117	135.03	4071.9967	28786.5	0
117	843.05	4094.747	72333.9	0
117	1427.88	4112.7545	53007.2	0
115	616.1	4158.5905	456269.0	0
115	1351.62	4181.8836	71770.1	0
113	496.36	4228.158	30783.5	0
113	770.8	4237.2198	55813.9	0
113	1464.17	4259.3619	191255.2	0
111	373.54	4300.1008	66923.2	0
111	755.47	4312.9975	46970.0	0
111	1385.81	4333.5612	107693.1	0
109	139.51	4370.7532	20435.8	0
109	727.34	4391.1105	48754.7	0
109	1259.07	4408.8828	39339.8	0
109	1431.23	4414.4863	5507.6	0
107	144.67	4452.5655	2260.6	0
107	979.7	4481.8107	102618.4	0
107	1322.02	4493.3337	122668.1	0
105	357.66	4545.0519	121671.5	0
105	1336.28	4579.3495	109833.0	0
105	1651.78	4589.8978	56285.7	0
103	466.33	4637.2328	8570.3	0
103	1040.73	4657.9012	158313.3	0
103	1495.22	4673.6609	28711.2	0
101	409.42	4726.8683	58530.9	0
101	1105.98	4752.4141	12763.8	0
101	1458.11	4764.8646	193105.1	0
99	42.51	4808.1337	4262.7	0
99	901.55	4840.8492	19789.1	0
99	1517.42	4863.1724	13687.2	0
97	362.14	4919.8157	18356.5	0
97	1030.63	4945.4587	14622.5	0
97	1564.29	4965.0795	37031.7	0
95	208.96	5017.1628	11314.2	0
95	906.01	5044.7195	18853.4	0
95	1521.48	5067.9737	20078.4	0
93	293.81	5128.4897	802.2	0
93	933.75	5154.243	10153.1	0
93	1523.02	5176.961	6034.9	0
91	56.6	5231.1597	8630.0	0
91	709.42	5258.3602	11140.8	0
91	1552.69	5291.8163	763.5	0
89	323.96	5360.1501	1374.9	0
89	954.07	5386.6107	6348.3	0
89	1554.71	5410.7687	4529.2	0
89	1726.78	5417.4858	7170.9	0
87	39.22	5470.7591	491.4	0
87	691.98	5499.2554	18645.5	0
87	1061.3	5514.8731	4424.2	0
87	1658.68	5539.2618	10296.4	0
85	200.68	5606.733	12341.0	0
85	948.76	5639.7461	13592.5	0
85	1552.27	5665.1799	5566.2	0
83	611.92	5760.5508	88993.4	0
83	1611.81	5804.1412	25789.0	0
83	1271.08	5789.6451	5080.7	0
81	182.69	5882.6242	2097.6	0
81	815.56	5912.0858	13206.9	0
81	1548.24	5944.6472	1963.2	0
79	195.79	6032.1274	17813.9	0
79	766.02	6059.3725	5113.1	0
79	1389.96	6088.0305	3968.1	0
77	183.48	6188.1251	2049.6	0
77	929.56	6224.5272	3827.4	0
77	1638.46	6257.4237	912.6	0
75	812.72	6384.7169	3376.1	0
75	1468.44	6416.3071	15505.2	0
75	556.17	6371.9436	952.3	0
73	265.03	6531.3418	4906.4	0
73	706.34	6554.1603	1617.9	0
73	1508.01	6593.9391	3847.4	0
71	338.9	6719.1995	732.7	0
71	1048.21	6756.4528	5207.2	0
71	1481.67	6778.3123	1425.3	0
69	1300.64	6965.4307	494066.2	0
69	774.57	6937.6642	9054.1	0
67	115.53	7107.4778	2401.6	0
67	1218.59	7168.8952	16898.2	0
67	876.1	7150.2844	1544.3	0
65	1120.68	7383.9805	533905.5	0
63	1416.1	7635.106	779434.9	0
61	242.64	7814.323	250.6	0
61	779.75	7847.5394	2866.8	0
61	1431.93	7886.283	1028.6	0
61	1514.77	7891.075	6181.3	0
59	624.73	8103.6931	545402.7	0
59	808.71	8115.311	882853.1	0
57	1193.8	8424.6475	776455.8	0
55	227.01	8665.4855	2267.6	0
55	262.29	8667.9442	399408.9	0
53	302.93	8997.8763	400.2	0
53	1017.57	9048.2501	9754.3	0
53	1417.72	9075.3945	4056.9	0
51	350.77	9354.2198	121898.8	0
51	963.07	9399.0891	10538.7	0
49	487.05	9746.4629	7635.6	0
49	988.06	9784.5028	455925.3	0
49	1562.29	9826.4497	4885.9	0
134	537.86	3567.2638	37.0	1
134	875.52	3576.6156	377.6	1
134	1060.05	3581.6084	142.3	1
133	338.46	3588.4407	159.9	1
133	445.2	3591.4524	30.2	1
133	963.32	3605.8792	198.5	1
133	1093.89	3609.4452	345.4	1
133	1204.32	3612.4275	767.5	1
133	1220.92	3612.8666	222.0	1
133	1277.18	3614.3534	51.9	1
132	228.47	3612.4275	93.0	1
132	244.26	3612.8666	41.7	1
132	323.08	3615.1327	44.3	1
132	568.59	3622.1375	161.9	1
132	591.94	3622.7954	99.7	1
132	692.28	3625.628	249.5	1
132	739.29	3626.939	51.0	1
132	1014.21	3634.5822	411.4	1
132	1023.26	3634.8124	168.0	1
132	1064.2	3635.9433	410.0	1
132	1103.96	3637.031	278.6	1
132	1151.57	3638.3192	138.2	1
132	1206.79	3639.8329	918.7	1
132	1296.08	3642.249	1532.5	1
132	1309.18	3642.5729	72.2	1
132	1344.27	3643.5123	88.0	1
131	551.14	3649.2496	107.4	1
131	608.21	3650.8896	119.0	1
131	653.7	3652.1683	112.7	1
131	762.91	3655.2782	835.5	1
131	862.74	3658.0637	161.5	1
131	889.1	3658.8087	306.0	1
131	947.26	3660.437	982.5	1
131	989.78	3661.6214	756.1	1
131	1065.64	3663.7023	153.0	1
131	1227.17	3668.1398	267.0	1
131	1294.6	3669.9684	304.1	1
131	1352.95	3671.5398	165.4	1
131	1417.03	3673.2645	134.0	1
131	1436.9	3673.7935	102.1	1
130	411.36	3673.2645	123.0	1
130	429.67	3673.7935	103.8	1
130	467.66	3674.891	77.0	1
130	490.61	3675.5675	561.5	1
130	504.98	3675.9592	60.8	1
130	584.5	3678.2701	458.9	1
130	615.29	3679.1343	109.9	1
130	634.99	3679.7105	241.0	1
130	646.97	3680.0609	683.6	1
130	660.93	3680.4477	221.9	1
130	711.27	3681.8836	85.0	1
130	732.59	3682.4863	871.4	1
130	818.82	3684.9329	93.8	1
130	926.96	3687.9841	211.7	1
130	954.1	3688.7604	257.2	1
130	1020.69	3690.6238	2872.6	1
130	1049.09	3691.4117	1101.6	1
130	1065.97	3691.8759	1086.4	1
130	1090.7	3692.5664	1181.5	1
130	1149.36	3694.1785	1220.9	1
130	1189.51	3695.2889	273.3	1
130	1279.05	3697.7436	132.7	1
130	1292.02	3698.1061	409.0	1
130	1331.97	3699.1811	68.0	1
130	1357.68	3699.8808	137.7	1
130	1480.61	3703.2299	350.9	1
129	63.1	3691.4117	39.4	1
129	78.09	3691.8759	38.8	1
129	101.65	3692.5664	54.9	1
129	155.59	3694.1785	76.0	1
129	176.19	3694.7854	22.0	1
129	238.44	3696.6468	20.4	1
129	251.98	3697.0308	21.4	1
129	276.07	3697.7436	48.1	1
129	288.75	3698.1061	111.0	1
129	324.52	3699.1811	37.3	1
129	349.16	3699.8808	67.3	1
129	451.02	3702.8638	36.0	1
129	463.22	3703.2299	529.3	1
129	482.06	3703.7743	292.2	1
129	519.41	3704.8616	132.3	1
129	559.45	3706.0238	35.6	1
129	584.86	3706.7672	1184.8	1
129	608.31	3707.4282	246.4	1
129	654.29	3708.753	53.0	1
129	742.73	3711.3041	462.0	1
129	753.63	3711.6229	413.1	1
129	761.38	3711.8332	194.3	1
129	786.63	3712.5591	167.9	1
129	848.92	3714.3254	73.4	1
129	928.42	3716.5836	180.8	1
129	948.96	3717.1713	353.1	1
129	1043.35	3719.8362	1060.0	1
129	1064.19	3720.4265	998.7	1
129	1092.56	3721.2152	1381.0	1
129	1114.22	3721.8254	4754.5	1
129	1125.01	3722.1154	1734.8	1
129	1189.72	3723.9199	91.4	1
129	1211.01	3724.5165	1134.7	1
129	1243.05	3725.3932	422.7	1
129	1291.11	3726.7246	496.4	1
129	1323.38	3727.612	418.0	1
129	1333.6	3727.9027	2375.5	1
129	1408.13	3729.9459	131.5	1
129	1423.98	3730.3683	298.4	1
129	1438.58	3730.7485	118.5	1
129	1545.81	3733.6724	160.4	1
128	69.49	3720.4265	52.5	1
128	95.98	3721.2152	72.6	1
128	115.75	3721.8254	245.9	1
128	125.9	3722.1154	111.3	1
128	177.47	3723.6561	28.1	1
128	205.79	3724.5165	151.3	1
128	235.76	3725.3932	74.4	1
128	280.38	3726.7246	151.0	1
128	310.17	3727.612	151.0	1
128	319.76	3727.9027	978.1	1
128	367.1	3729.3087	4509.5	1
128	403.41	3730.3683	268.2	1
128	416.64	3730.7485	128.8	1
128	492.64	3732.9854	170.5	1
128	515.73	3733.6724	363.2	1
128	647.36	3737.5125	982.7	1
128	660.07	3737.889	8520.6	1
128	693.47	3738.8439	281.9	1
128	763.26	3740.8551	239.5	1
128	774.02	3741.183	8182.1	1
128	834.54	3742.9234	3845.6	1
128	855.36	3743.5083	97.9	1
128	898.31	3744.7367	174.5	1
128	913.76	3745.1763	228.1	1
128	930.4	3745.6591	511.2	1
128	941.23	3745.9706	1350.0	1
128	996.58	3747.539	637.1	1
128	1069.87	3749.6183	268.5	1
128	1100.87	3750.4939	773.6	1
128	1119.62	3751.0219	1715.7	1
128	1174.74	3752.5689	1492.3	1
128	1199.03	3753.2421	382.6	1
128	1208.49	3753.5177	1929.7	1
128	1227.46	3754.0308	1036.6	1
128	1247.18	3754.593	1244.6	1
128	1269.52	3755.2121	597.4	1
128	1308.9	3756.2941	284.7	1
128	1359.06	3757.6941	554.7	1
128	1386.81	3758.4671	1068.2	1
128	1570.98	3763.5053	343.8	1
128	1635.41	3765.27	2843.0	1
128	1666.97	3766.1186	1191.2	1
127	96.2	3750.4939	29.7	1
127	113.81	3751.0219	111.3	1
127	164.87	3752.5689	134.1	1
127	195.96	3753.5177	254.7	1
127	232.18	3754.593	242.5	1
127	252.82	3755.2121	136.8	1
127	278.53	3755.9869	41.3	1
127	335.76	3757.6941	275.7	1
127	361.53	3758.4671	635.7	1
127	495.15	3762.4166	53.8	1
127	531.5	3763.5053	757.2	1
127	620.05	3766.1186	6502.4	1
127	631.63	3766.4473	162.4	1
127	681.38	3767.9007	513.9	1
127	739.25	3769.5854	656.9	1
127	755.03	3770.056	1752.3	1
127	770.83	3770.52	2727.7	1
127	830.71	3772.2369	177.1	1
127	844.57	3772.6498	565.3	1
127	858.86	3773.0521	135.7	1
127	883.19	3773.7574	384.4	1
127	917.01	3774.7331	126.6	1
127	970.36	3776.2711	1157.2	1
127	982.98	3776.6239	239.5	1
127	1010.58	3777.4167	153.5	1
127	1022.21	3777.7473	116.0	1
127	1130.41	3780.8398	7672.3	1
127	1207.92	3783.0127	318.1	1
127	1217.54	3783.2964	1609.3	1
127	1263.44	3784.5749	240.2	1
127	1299.7	3785.6002	940.1	1
127	1327.58	3786.3824	989.5	1
127	1471.06	3790.356	283.4	1
127	1486.45	3790.795	1125.2	1
127	1543.75	3792.374	342.0	1
126	115.81	3780.8398	535.2	1
126	196.98	3783.2964	223.7	1
126	273.19	3785.6002	285.3	1
126	299.07	3786.3824	356.8	1
126	391.3	3789.168	2603.8	1
126	431.57	3790.356	320.8	1
126	445.87	3790.795	1467.4	1
126	498.64	3792.374	654.3	1
126	511.04	3792.73	359.0	1
126	558.9	3794.151	206.0	1
126	600.22	3795.38	556.9	1
126	692.28	3798.103	1131.1	1
126	735.82	3799.382	1229.8	1
126	763.78	3800.198	581.6	1
126	806.25	3801.443	1263.6	1
126	862.05	3803.075	32065.8	1
126	893.39	3803.984	1280.5	1
126	939.68	3805.314	441.3	1
126	957.03	3805.82	802.5	1
126	1027.96	3807.874	1948.2	1
126	1037.14	3808.129	268.8	1
126	1052.56	3808.5748	1433.6	1
126	1082.78	3809.4561	10663.9	1
126	1096.43	3809.835	347.9	1
126	1209.56	3813.0678	1872.8	1
126	1365.93	3817.4767	351.1	1
126	1408.78	3818.6855	1290.9	1
126	1484.39	3820.7926	730.3	1
126	1507.65	3821.4308	265.8	1
126	1566.62	3823.0676	298.8	1
126	1641.1	3825.1331	369.7	1
125	12.7	3807.874	42.5	1
125	35.94	3808.5748	57.6	1
125	181.86	3813.0678	253.7	1
125	326.75	3817.4767	178.5	1
125	366.34	3818.6855	920.3	1
125	436.11	3820.7926	911.8	1
125	457.43	3821.4308	443.3	1
125	481.58	3822.1485	570.4	1
125	511.8	3823.0676	735.8	1
125	529.01	3823.5852	292.0	1
125	561.17	3824.5533	167.0	1
125	580.46	3825.1331	1454.6	1
125	598.69	3825.6729	1497.1	1
125	622.18	3826.3688	776.5	1
125	636.66	3826.8072	2728.6	1
125	746.51	3830.0606	915.8	1
125	761.78	3830.51	1076.9	1
125	770.35	3830.7736	16397.8	1
125	849.02	3833.086	964.6	1
125	903.15	3834.6787	8805.7	1
125	938.68	3835.7111	867.3	1
125	968.27	3836.5851	8614.5	1
125	1012.84	3837.8752	10706.6	1
125	1026.9	3838.2922	293.0	1
125	1075.66	3839.6953	43280.2	1
125	1114.02	3840.8004	2343.9	1
125	1138.91	3841.5187	1956.1	1
125	1154.34	3841.9601	2575.8	1
125	1187.06	3842.8968	1826.4	1
125	1208.64	3843.5087	182.0	1
125	1251.1	3844.7311	700.5	1
125	1274.55	3845.4055	3737.0	1
125	1304.62	3846.2491	139.5	1
125	1326.57	3846.8876	268.3	1
125	1353.14	3847.6199	193.9	1
125	1408.33	3849.1832	165.8	1
125	1442.28	3850.134	223.2	1
125	1512.91	3852.1353	1490.1	1
125	1598.23	3854.5108	613.4	1
124	85.36	3840.8004	133.5	1
124	108.28	3841.5187	136.1	1
124	122.84	3841.9601	208.3	1
124	153.1	3842.8968	193.2	1
124	212.25	3844.7311	130.4	1
124	234.17	3845.4055	863.1	1
124	282.52	3846.8876	358.1	1
124	357.78	3849.1832	115.6	1
124	389.15	3850.134	182.0	1
124	403.27	3850.5813	12656.8	1
124	422.1	3851.1583	230.1	1
124	454.48	3852.1353	2333.8	1
124	482.18	3852.959	114.4	1
124	510.4	3853.8277	228.4	1
124	532.95	3854.5108	2106.4	1
124	594.18	3856.3544	771.8	1
124	632.5	3857.5089	215.6	1
124	710.27	3859.8396	2981.9	1
124	796.72	3862.4218	1646.8	1
124	830.02	3863.4059	4465.9	1
124	948.59	3866.9092	1184.6	1
124	971.81	3867.5786	341.6	1
124	1003.6	3868.5284	26910.9	1
124	1042.53	3869.6633	3148.7	1
124	1109.95	3871.6174	353.5	1
124	1127.44	3872.1371	2069.2	1
124	1162.32	3873.1479	3283.3	1
124	1173.46	3873.474	7888.0	1
124	1185.48	3873.8224	32740.3	1
124	1200.12	3874.2438	7000.6	1
124	1221.52	3874.8619	13058.4	1
124	1239.1	3875.3731	4865.3	1
124	1248.93	3875.6462	917.2	1
124	1354.29	3878.662	810.7	1
124	1375.58	3879.2688	561.3	1
124	1388.39	3879.6441	2734.3	1
124	1412.55	3880.3332	1179.0	1
124	1476.83	3882.143	202.3	1
124	1571.85	3884.8225	254.6	1
124	1646.26	3886.9159	1749.4	1
123	89.77	3872.1371	143.4	1
123	122.19	3873.1479	286.6	1
123	132.36	3873.474	738.4	1
123	157.14	3874.2438	812.6	1
123	176.96	3874.8619	1914.8	1
123	300.06	3878.662	335.2	1
123	319.72	3879.2688	277.9	1
123	331.55	3879.6441	1486.0	1
123	353.92	3880.3332	830.7	1
123	392.22	3881.498	159.6	1
123	413.03	3882.143	226.4	1
123	466.12	3883.7683	125.7	1
123	500.48	3884.8225	650.6	1
123	531.49	3885.7681	718.1	1
123	547.73	3886.2564	469.0	1
123	667.99	3889.9059	213.7	1
123	717.19	3891.4017	2320.4	1
123	736.29	3891.9792	869.2	1
123	792.3	3893.6519	913.4	1
123	825.78	3894.66	1973.2	1
123	851.11	3895.4192	12933.7	1
123	965.03	3898.7967	453.4	1
123	972.79	3899.031	437.4	1
123	1035.23	3900.8785	5292.7	1
123	1044.8	3901.1522	424.8	1
123	1061.88	3901.6621	1780.1	1
123	1079.13	3902.1708	561.0	1
123	1110.82	3903.1024	5811.7	1
123	1123.91	3903.4812	883.6	1
123	1144.32	3904.0828	2336.8	1
123	1182.32	3905.1865	1272.2	1
123	1250.43	3907.1603	370.6	1
123	1263.6	3907.5432	383.5	1
123	1305.2	3908.7491	452.6	1
123	1318.41	3909.139	844.2	1
123	1375.46	3910.7734	355.3	1
123	1403.06	3911.576	878.4	1
123	1427.63	3912.281	545.4	1
123	1514.74	3914.7675	1403.7	1
123	1533.78	3915.2953	168.7	1
123	1553.18	3915.8489	191.1	1
123	1647.03	3918.5115	283.7	1
123	1664.73	3919.0234	1269.6	1
122	20.98	3901.6621	52.0	1
122	66.23	3903.1024	295.6	1
122	97.57	3904.0828	153.8	1
122	258.75	3909.139	261.1	1
122	336.95	3911.576	506.8	1
122	347.7	3911.9091	3914.9	1
122	359.58	3912.281	418.2	1
122	420.64	3914.1623	263.7	1
122	439.83	3914.7675	1851.5	1
122	457.08	3915.2953	275.0	1
122	475.11	3915.8489	384.9	1
122	493.19	3916.4176	14642.0	1
122	521.09	3917.2693	1015.4	1
122	546.99	3918.0701	1104.3	1
122	561.2	3918.5115	1327.9	1
122	577.93	3919.0234	6466.0	1
122	682.98	3922.2191	502.3	1
122	734.69	3923.7995	7880.7	1
122	754.78	3924.4034	1032.5	1
122	777.37	3925.0934	23651.7	1
122	797.98	3925.7188	32684.6	1
122	808.9	3926.0456	3104.8	1
122	836.19	3926.863	555.3	1
122	846.7	3927.1762	848.6	1
122	867.66	3927.8062	624.9	1
122	894.44	3928.6233	33704.9	1
122	917.08	3929.2904	3132.9	1
122	929.42	3929.6693	59827.2	1
122	951.46	3930.3303	936.8	1
122	1015.25	3932.2264	1532.0	1
122	1025.74	3932.5466	19550.3	1
122	1038.06	3932.9113	18881.3	1
122	1048.93	3933.2375	1523.0	1
122	1063.44	3933.6611	5785.9	1
122	1084.19	3934.2742	1387.2	1
122	1154.5	3936.3532	942.3	1
122	1177.93	3937.0406	1737.3	1
122	1207.88	3937.9237	1218.3	1
122	1250.07	3939.1593	602.0	1
122	1255.6	3939.3188	287.8	1
122	1307.89	3940.8387	414.3	1
122	1350.02	3942.0732	1048.5	1
122	1425.7	3944.2534	4769.2	1
122	1468.8	3945.5072	1132.7	1
122	1479.75	3945.8201	925.5	1
122	1499.61	3946.3921	2238.2	1
122	1538.05	3947.5046	4772.0	1
122	1556.53	3948.0305	8169.0	1
122	1589.54	3948.9789	16487.9	1
122	1639.35	3950.3951	9504.2	1
122	1654.04	3950.805	277.3	1
122	1722.74	3952.7608	906.3	1
121	14.24	3933.6611	177.1	1
121	225.57	3940.3686	71.8	1
121	240.63	3940.8387	129.7	1
121	279.7	3942.0732	395.3	1
121	389.18	3945.5072	1216.9	1
121	417.49	3946.3921	2756.6	1
121	453.06	3947.5046	7442.9	1
121	469.97	3948.0305	16740.9	1
121	546.12	3950.3951	36896.3	1
121	559.44	3950.805	1123.4	1
121	569.48	3951.1085	395.7	1
121	582.55	3951.5149	2046.2	1
121	605.74	3952.2355	210.3	1
121	622.46	3952.7608	6520.7	1
121	645.11	3953.4448	375.1	1
121	701.22	3955.1699	2579.4	1
121	724.79	3955.8903	3302.3	1
121	750.76	3956.6908	10614.2	1
121	888.63	3960.8796	566.3	1
121	910.15	3961.5208	785.8	1
121	939.44	3962.4196	3114.3	1
121	974.4	3963.4688	987.8	1
121	993.09	3964.0302	1550.4	1
121	1016.36	3964.7257	1082.3	1
121	1091.15	3966.9647	887.5	1
121	1105.17	3967.3921	43981.3	1
121	1159.4	3969.0026	5702.1	1
121	1181.75	3969.6641	1304.9	1
121	1282.37	3972.6395	3254.9	1
121	1301.27	3973.1961	7217.6	1
121	1344.78	3974.4766	9466.6	1
121	1354.56	3974.759	1879.2	1
121	1370.85	3975.2218	288.7	1
121	1378.83	3975.4674	385.8	1
121	1411.42	3976.4149	1215.9	1
121	1502.2	3979.0433	243.3	1
121	1537.83	3980.0896	1691.5	1
121	1561.35	3980.755	314.3	1
121	1573.41	3981.1065	561.1	1
121	1598.53	3981.8281	296.7	1
121	1608.09	3982.102	471.2	1
120	44.33	3967.3921	1918.7	1
120	94.9	3969.0026	428.0	1
120	115.7	3969.6641	122.0	1
120	193.28	3972.1545	3165.9	1
120	208.69	3972.6395	689.2	1
120	226.16	3973.1961	1863.3	1
120	266.35	3974.4766	3332.6	1
120	275.43	3974.759	729.9	1
120	297.91	3975.4674	169.3	1
120	327.82	3976.4149	789.5	1
120	420.82	3979.3559	9159.7	1
120	444.23	3980.0896	2806.2	1
120	465.58	3980.755	603.1	1
120	476.71	3981.1065	1351.8	1
120	499.73	3981.8281	779.1	1
120	508.53	3982.102	1421.3	1
120	534.15	3982.8956	469.2	1
120	572.68	3984.0955	394.8	1
120	581.5	3984.3757	282.2	1
120	597.48	3984.8795	1166.3	1
120	636.19	3986.0739	427.8	1
120	672.58	3987.2061	3045.4	1
120	688.88	3987.7062	464.9	1
120	698.66	3988.0273	2845.1	1
120	717.45	3988.5997	2669.4	1
120	725.45	3988.8456	1670.7	1
120	778.71	3990.4922	9977.1	1
120	819.07	3991.7309	4829.3	1
120	829.55	3992.0535	3866.2	1
120	870.38	3993.2989	1785.9	1
120	911.23	3994.5494	50205.4	1
120	919.07	3994.7918	39416.5	1
120	961.02	3996.0617	3060.2	1
120	981.07	3996.6687	1135.7	1
120	1007.36	3997.4687	863.8	1
120	1020.54	3997.8654	2957.0	1
120	1038.38	3998.4038	585.2	1
120	1049.05	3998.7334	2038.5	1
120	1056.44	3998.9526	2180.1	1
120	1100.49	4000.2811	3096.3	1
120	1126.29	4001.0581	10349.5	1
120	1154.1	4001.8935	9036.6	1
120	1201.54	4003.3086	4973.8	1
120	1210.56	4003.574	1567.5	1
120	1261.31	4005.0928	8204.2	1
120	1270.38	4005.3628	2296.0	1
120	1290.79	4005.9615	836.2	1
120	1304.83	4006.3806	1523.0	1
120	1326.46	4007.0188	3080.3	1
120	1366.52	4008.2102	13838.8	1
120	1486.75	4011.7398	4065.4	1
120	1512.49	4012.4952	14056.5	1
120	1559.22	4013.8566	9417.9	1
120	1588.97	4014.7164	1428.3	1
120	1741.67	4019.1289	16551.2	1
119	55.67	4001.0581	577.1	1
119	81.36	4001.8935	603.7	1
119	125.4	4003.3086	559.8	1
119	180.67	4005.0928	1373.7	1
119	189.09	4005.3628	480.8	1
119	220.95	4006.3806	397.2	1
119	240.88	4007.0188	996.4	1
119	277.84	4008.2102	6113.9	1
119	388.67	4011.7398	4174.8	1
119	455.3	4013.8566	14854.4	1
119	482.5	4014.7164	3237.0	1
119	590.2	4018.099	4396.4	1
119	622.65	4019.1289	164770.1	1
119	661.88	4020.3541	1965.4	1
119	687.4	4021.1498	768.6	1
119	706.72	4021.7506	806.2	1
119	757.7	4023.3378	1788.4	1
119	804.74	4024.8025	9943.6	1
119	832.36	4025.6556	3446.3	1
119	876.12	4027.0091	18376.0	1
119	931.07	4028.6991	633.6	1
119	967.85	4029.8256	6360.3	1
119	983.09	4030.2925	6512.4	1
119	1058.52	4032.5951	6620.9	1
119	1113.01	4034.2461	2996.0	1
119	1135.15	4034.9218	2001.1	1
119	1152.91	4035.46	16330.9	1
119	1172.38	4036.0479	124577.6	1
119	1189.62	4036.5652	22821.4	1
119	1222.82	4037.5614	1752.8	1
119	1244.99	4038.2287	3002.2	1
119	1264.08	4038.8043	3180.0	1
119	1299.62	4039.8648	2314.4	1
119	1317.47	4040.3931	822.2	1
119	1344.44	4041.2036	3223.2	1
119	1401.04	4042.8937	53341.4	1
119	1418.02	4043.3948	14289.2	1
119	1469.96	4044.9269	696.2	1
119	1480.08	4045.2268	638.9	1
119	1505.02	4045.9654	4001.0	1
119	1557.02	4047.4815	448.0	1
119	1584.55	4048.2876	868.2	1
119	1640.96	4049.9447	1531.4	1
119	1673.48	4050.8872	924.2	1
119	1743.28	4052.9208	11095.6	1
119	1764.5	4053.5277	1032.1	1
118	55.46	4034.9218	135.4	1
118	71.56	4035.46	1154.9	1
118	89.59	4036.0479	10396.4	1
118	105.64	4036.5652	2106.8	1
118	156.95	4038.2287	483.4	1
118	174.65	4038.8043	569.2	1
118	207.41	4039.8648	547.9	1
118	223.82	4040.3931	232.2	1
118	248.81	4041.2036	1152.9	1
118	301.0	4042.8937	27387.8	1
118	316.61	4043.3948	8324.4	1
118	348.4	4044.4179	39662.3	1
118	364.44	4044.9269	582.6	1
118	373.73	4045.2268	630.6	1
118	396.68	4045.9654	4108.1	1
118	444.22	4047.4815	688.0	1
118	473.98	4048.4324	1908.5	1
118	508.67	4049.5361	675.8	1
118	521.32	4049.9447	5149.1	1
118	551.01	4050.8872	4162.1	1
118	570.35	4051.4991	934.6	1
118	615.06	4052.9208	71493.7	1
118	634.35	4053.5277	9773.9	1
118	665.96	4054.5258	4220.3	1
118	755.46	4057.3312	350.7	1
118	774.93	4057.9412	745.5	1
118	816.65	4059.2529	13386.7	1
118	893.12	4061.6254	595.9	1
118	950.32	4063.4071	18093.3	1
118	980.3	4064.3315	5747.3	1
118	1061.45	4066.8219	734.0	1
118	1081.68	4067.4507	8788.3	1
118	1138.98	4069.2014	21367.9	1
118	1147.45	4069.4612	7682.9	1
118	1157.48	4069.7608	950.6	1
118	1172.98	4070.2383	7007.0	1
118	1190.78	4070.7835	3962.8	1
118	1230.95	4072.0047	204280.9	1
118	1243.51	4072.3849	41172.3	1
118	1292.4	4073.8563	2388.1	1
118	1318.66	4074.642	586.2	1
118	1346.98	4075.503	10801.1	1
118	1360.59	4075.907	932.2	1
118	1384.4	4076.6284	13437.1	1
118	1394.94	4076.9432	8473.1	1
118	1440.86	4078.3015	482.9	1
118	1459.86	4078.8751	737.3	1
118	1483.05	4079.5738	14381.0	1
118	1509.54	4080.358	1690.4	1
118	1543.64	4081.3678	2002.0	1
118	1577.98	4082.3872	5404.6	1
118	1614.74	4083.4688	2908.3	1
118	1668.26	4085.0421	2384.4	1
118	1681.7	4085.4341	1024.4	1
118	1718.64	4086.5205	6394.1	1
118	1745.22	4087.2848	427.0	1
117	50.04	4069.2014	1218.0	1
117	57.92	4069.4612	511.8	1
117	81.6	4070.2383	554.5	1
117	98.08	4070.7835	404.8	1
117	135.03	4072.0047	28786.5	1
117	146.67	4072.3849	6608.2	1
117	191.98	4073.8563	565.4	1
117	216.03	4074.642	159.4	1
117	242.27	4075.503	3502.1	1
117	254.79	4075.907	350.7	1
117	276.8	4076.6284	5676.8	1
117	286.51	4076.9432	3549.8	1
117	328.72	4078.3015	321.3	1
117	346.24	4078.8751	580.3	1
117	367.59	4079.5738	11384.1	1
117	391.84	4080.358	1955.3	1
117	423.14	4081.3678	3169.2	1
117	454.72	4082.3872	8600.9	1
117	488.34	4083.4688	7400.3	1
117	524.44	4084.6192	603.8	1
117	537.36	4085.0421	10415.1	1
117	549.57	4085.4341	4237.1	1
117	583.51	4086.5205	43547.5	1
117	607.48	4087.2848	2940.3	1
117	652.66	4088.7264	4423.0	1
117	665.61	4089.1379	7201.0	1
117	735.46	4091.3476	1294.3	1
117	747.72	4091.7368	781.5	1
117	800.13	4093.3921	2010.3	1
117	808.88	4093.6713	3770.3	1
117	885.43	4096.0759	5122.5	1
117	938.77	4097.7478	30952.2	1
117	970.4	4098.7316	3995.6	1
117	976.9	4098.9327	4045.2	1
117	1022.06	4100.3414	78563.1	1
117	1095.68	4102.6177	4961.3	1
117	1152.97	4104.3821	3777.6	1
117	1167.9	4104.8385	1656.2	1
117	1184.09	4105.3301	5787.6	1
117	1202.86	4105.915	3425.4	1
117	1239.98	4107.0506	3909.2	1
117	1266.42	4107.8614	2854.2	1
117	1284.85	4108.4198	29888.0	1
117	1314.56	4109.3234	5018.4	1
117	1364.31	4110.826	2951.5	1
117	1454.84	4113.5575	374.4	1
117	1528.0	4115.7589	6613.3	1
117	1548.69	4116.3753	650.5	1
117	1559.94	4116.7137	13929.4	1
116	54.17	4104.3821	253.4	1
116	100.36	4105.915	354.7	1
116	134.58	4107.0506	531.3	1
116	159.0	4107.8614	530.5	1
116	175.93	4108.4198	5934.6	1
116	203.37	4109.3234	1295.9	1
116	249.29	4110.826	1659.9	1
116	307.75	4112.7545	29834.6	1
116	332.42	4113.5575	252.4	1
116	399.72	4115.7589	7806.9	1
116	418.7	4116.3753	835.3	1
116	429.04	4116.7137	24052.7	1
116	483.81	4118.4893	865.8	1
116	655.86	4124.0403	1379.8	1
116	761.01	4127.412	8852.0	1
116	781.27	4128.0499	1836.9	1
116	799.65	4128.64	4893.7	1
116	827.21	4129.5116	1816.2	1
116	852.83	4130.3247	1232.7	1
116	874.11	4131.0021	20842.2	1
116	896.82	4131.7235	274185.0	1
116	929.63	4132.7533	10224.8	1
116	971.48	4134.0681	25014.1	1
116	979.61	4134.3235	561.6	1
116	1016.44	4135.48	3146.6	1
116	1098.38	4138.0406	3087.1	1
116	1169.07	4140.235	7846.6	1
116	1248.84	4142.701	4348.0	1
116	1279.67	4143.6491	3590.1	1
116	1407.1	4147.5396	679.7	1
116	1428.03	4148.1816	3435.0	1
116	1526.2	4151.1453	337.0	1
116	1645.23	4154.7205	528.6	1
116	1690.59	4156.086	2779.0	1
116	1705.11	4156.5166	1089.0	1
116	1774.66	4158.5905	67970.0	1
115	60.06	4140.235	607.4	1
115	133.58	4142.701	2386.2	1
115	162.14	4143.6491	709.4	1
115	298.69	4148.1816	1891.5	1
115	388.66	4151.1453	353.3	1
115	497.56	4154.7205	1238.5	1
115	539.21	4156.086	9615.5	1
115	552.46	4156.5166	5039.3	1
115	649.46	4159.6599	1486.0	1
115	713.59	4161.7389	1987.5	1
115	737.36	4162.509	4555.0	1
115	773.04	4163.6469	3505.2	1
115	789.23	4164.1795	74559.4	1
115	838.81	4165.7661	21182.2	1
115	928.86	4168.6341	4354.4	1
115	988.47	4170.5333	26724.9	1
115	1014.28	4171.341	1210.7	1
115	1055.07	4172.6257	635.6	1
115	1112.82	4174.4396	582.7	1
115	1228.38	4178.0597	12887.2	1
115	1238.1	4178.3658	2434.1	1
115	1253.76	4178.8481	3155.2	1
115	1301.41	4180.3272	672.5	1
115	1314.4	4180.721	625.0	1
115	1425.22	4184.1376	1314.8	1
115	1458.18	4185.1447	651.2	1
115	1468.79	4185.4693	558.4	1
115	1523.69	4187.141	497.1	1
115	1641.08	4190.7129	30808.1	1
115	1651.59	4191.0294	20815.5	1
115	1696.24	4192.362	591.4	1
115	1717.94	4193.0164	1196.1	1
115	1782.18	4194.9361	737.8	1
114	105.5	4178.0597	1480.1	1
114	114.54	4178.3658	324.1	1
114	129.04	4178.8481	504.0	1
114	172.92	4180.3272	174.0	1
114	184.88	4180.721	180.7	1
114	219.11	4181.8836	22949.8	1
114	286.85	4184.1376	703.1	1
114	316.99	4185.1447	467.4	1
114	326.81	4185.4693	429.9	1
114	376.96	4187.141	570.3	1
114	484.61	4190.7129	66574.8	1
114	494.2	4191.0294	53359.8	1
114	518.63	4191.8269	938.3	1
114	534.76	4192.362	2085.6	1
114	554.6	4193.0164	5534.2	1
114	587.29	4194.0826	449.3	1
114	613.08	4194.9361	6187.9	1
114	640.82	4195.8326	1200.3	1
114	716.49	4198.317	282871.0	1
114	765.01	4199.8891	1149.2	1
114	789.12	4200.6745	447757.6	1
114	829.22	4201.9715	10215.4	1
114	893.58	4204.0413	2360.5	1
114	1030.16	4208.4108	2165.0	1
114	1045.07	4208.8907	36917.2	1
114	1079.29	4209.9727	3348.6	1
114	1094.79	4210.4554	1167.6	1
114	1109.1	4210.9232	94583.6	1
114	1177.02	4213.0673	10745.5	1
114	1186.77	4213.3779	1529.9	1
114	1233.07	4214.8285	6454.1	1
114	1258.76	4215.6272	731.1	1
114	1272.7	4216.0698	1469.7	1
114	1282.44	4216.3722	1743.8	1
114	1316.14	4217.4308	7274.7	1
114	1355.71	4218.6649	9696.4	1
114	1401.12	4220.0651	2743.2	1
114	1422.69	4220.7323	929.4	1
114	1484.1	4222.6373	8820.3	1
114	1510.44	4223.4403	1608.9	1
114	1536.55	4224.2413	1229.0	1
114	1603.93	4226.2994	519.6	1
114	1617.5	4226.7267	4404.2	1
114	1626.11	4226.9876	6101.0	1
114	1639.38	4227.3872	1490.2	1
114	1664.53	4228.158	12550.5	1
114	1697.32	4229.1477	1979.2	1
114	1721.15	4229.8644	1777.4	1
114	1739.74	4230.4267	649.3	1
113	48.73	4213.0673	815.3	1
113	57.85	4213.3779	142.1	1
113	100.5	4214.8285	724.3	1
113	137.15	4216.0698	266.7	1
113	146.08	4216.3722	336.8	1
113	177.02	4217.4308	1692.1	1
113	213.45	4218.6649	2771.4	1
113	255.16	4220.0651	1173.2	1
113	274.97	4220.7323	483.2	1
113	331.35	4222.6373	6094.4	1
113	440.84	4226.2994	944.0	1
113	453.46	4226.7267	8360.2	1
113	461.28	4226.9876	11452.4	1
113	473.31	4227.3872	3449.4	1
113	526.17	4229.1477	7452.9	1
113	535.58	4229.4546	1200.3	1
113	547.87	4229.8644	6703.3	1
113	564.72	4230.4267	3569.5	1
113	576.81	4230.8242	1196.1	1
113	651.5	4233.2873	651.5	1
113	717.29	4235.4636	52827.2	1
113	735.23	4236.0471	530.1	1
113	874.7	4240.5947	1240.9	1
113	889.94	4241.0948	2511.5	1
113	917.08	4241.9725	453.8	1
113	940.36	4242.7197	842.9	1
113	949.5	4243.0195	622.2	1
113	956.9	4243.2611	1255.4	1
113	977.56	4243.9241	1210.8	1
113	1091.77	4247.5988	3028.3	1
113	1103.88	4247.9886	4044.4	1
113	1116.48	4248.3908	2916.6	1
113	1157.01	4249.6791	996.9	1
113	1176.8	4250.3146	65095.8	1
113	1191.36	4250.7749	2727.7	1
113	1204.06	4251.1846	29369.6	1
113	1278.6	4253.5385	3714.5	1
113	1289.25	4253.8674	801.7	1
113	1332.54	4255.2373	2616.9	1
113	1350.09	4255.7972	2138.6	1
113	1364.82	4256.2537	9703.3	1
113	1404.47	4257.4963	35625.4	1
113	1417.58	4257.8982	732.6	1
113	1437.38	4258.5204	3790.8	1
113	1495.64	4260.333	2760.0	1
113	1516.7	4260.9845	760.1	1
113	1526.31	4261.2754	732.6	1
113	1569.53	4262.6124	597.0	1
113	1593.58	4263.3561	559.0	1
113	1618.17	4264.1064	299.3	1
113	1625.77	4264.3399	436.9	1
113	1688.6	4266.2864	26809.6	1
113	1729.37	4267.5191	260.2	1
112	38.89	4250.3146	5230.6	1
112	64.07	4251.1846	3080.6	1
112	132.87	4253.5385	712.6	1
112	182.47	4255.2373	710.1	1
112	198.64	4255.7972	610.3	1
112	212.15	4256.2537	3123.1	1
112	248.54	4257.4963	14468.1	1
112	260.5	4257.8982	368.2	1
112	278.75	4258.5204	2012.8	1
112	303.39	4259.3619	111431.8	1
112	332.12	4260.333	2277.5	1
112	351.45	4260.9845	688.0	1
112	360.13	4261.2754	776.2	1
112	380.71	4261.9665	306.9	1
112	399.65	4262.6124	795.8	1
112	421.69	4263.3561	899.2	1
112	443.98	4264.1064	560.2	1
112	450.98	4264.3399	876.2	1
112	508.49	4266.2864	74256.3	1
112	545.24	4267.5191	1032.1	1
112	591.66	4269.0639	709.3	1
112	617.87	4269.9426	2483.7	1
112	629.58	4270.329	900.3	1
112	641.89	4270.7349	683.8	1
112	663.1	4271.4396	907.7	1
112	684.62	4272.1689	167004.5	1
112	706.04	4272.8745	4561.4	1
112	720.63	4273.3574	15600.3	1
112	740.85	4274.0246	2517.3	1
112	775.03	4275.1596	6861.3	1
112	825.2	4276.8073	5716.7	1
112	846.88	4277.5282	418816.6	1
112	871.24	4278.3232	5283.4	1
112	893.82	4279.0627	860.8	1
112	939.83	4280.568	6393.2	1
112	955.26	4281.0678	11818.0	1
112	965.91	4281.4145	5791.1	1
112	985.18	4282.0413	45672.7	1
112	1030.67	4283.5184	3183.0	1
112	1075.7	4284.9749	1059.2	1
112	1114.35	4286.2285	3089.2	1
112	1141.07	4287.0808	1094.6	1
112	1190.31	4288.6688	5051.7	1
112	1221.26	4289.6551	1739.3	1
112	1244.4	4290.3937	883.8	1
112	1288.62	4291.8098	5652.4	1
112	1380.79	4294.7193	1450.4	1
112	1407.92	4295.5849	1253.4	1
112	1462.68	4297.3066	3627.6	1
112	1551.62	4300.1008	65042.5	1
112	1569.3	4300.6495	8004.7	1
112	1691.39	4304.4179	183.6	1
112	1708.65	4304.9565	374.6	1
112	1754.62	4306.3668	187.9	1
112	1780.66	4307.1762	1215.5	1
111	41.78	4288.6688	427.8	1
111	132.33	4291.8098	1047.7	1
111	216.97	4294.7193	522.0	1
111	241.96	4295.5849	512.5	1
111	292.09	4297.3066	2330.3	1
111	389.69	4300.6495	8971.3	1
111	470.52	4303.3867	298.6	1
111	488.04	4303.9892	838.6	1
111	500.67	4304.4179	485.5	1
111	516.48	4304.9565	1285.4	1
111	558.14	4306.3668	909.2	1
111	582.11	4307.1762	8393.4	1
111	599.15	4307.7406	243.0	1
111	610.24	4308.122	3191.7	1
111	624.26	4308.6001	1452.1	1
111	643.25	4309.2392	21167.2	1
111	719.79	4311.7994	4437.3	1
111	765.21	4313.3084	1356.1	1
111	773.94	4313.6025	736.4	1
111	795.39	4314.3195	2573.7	1
111	823.47	4315.2543	15849.4	1
111	849.38	4316.1094	1140.0	1
111	901.76	4317.84	516.0	1
111	919.01	4318.4157	4968.9	1
111	971.05	4320.1264	11909.7	1
111	1128.56	4325.2741	2299.2	1
111	1146.69	4325.8599	1118.8	1
111	1203.99	4327.7145	852.5	1
111	1240.98	4328.9154	16287.8	1
111	1287.66	4330.412	1117.4	1
111	1301.06	4330.8438	4339.4	1
111	1311.96	4331.1995	76333.7	1
111	1337.9	4332.0297	15154.7	1
111	1441.7	4335.3379	34683.8	1
111	1503.03	4337.2774	11603.9	1
111	1529.68	4338.1078	1357.9	1
111	1585.96	4339.8716	314.0	1
111	1618.29	4340.8954	1322.6	1
111	1667.65	4342.4442	3174.2	1
111	1698.22	4343.3817	257.4	1
111	1716.27	4343.9515	995.3	1
111	1728.21	4344.3265	1610.6	1
111	1755.13	4345.168	7154.2	1
110	78.49	4328.9154	1861.0	1
110	121.64	4330.412	211.0	1
110	133.84	4330.8438	833.9	1
110	143.78	4331.1995	15913.5	1
110	167.65	4332.0297	3523.7	1
110	211.62	4333.5612	34671.9	1
110	262.88	4335.3379	17045.0	1
110	318.97	4337.2774	12225.8	1
110	343.28	4338.1078	1280.4	1
110	424.13	4340.8954	2245.9	1
110	469.16	4342.4442	8035.2	1
110	496.68	4343.3817	777.0	1
110	513.27	4343.9515	4002.4	1
110	524.24	4344.3265	7002.6	1
110	548.75	4345.168	28324.0	1
110	586.0	4346.4367	6564.0	1
110	633.85	4348.064	179672.4	1
110	649.74	4348.5982	1406.4	1
110	663.72	4349.0722	6963.0	1
110	699.34	4350.2717	872.3	1
110	729.02	4351.2719	663.7	1
110	756.41	4352.2049	16564.6	1
110	768.86	4352.6122	3001.3	1
110	793.41	4353.4487	9603.1	1
110	824.47	4354.4824	1254.4	1
110	849.5	4355.3205	1990.2	1
110	871.16	4356.0445	1151.9	1
110	918.22	4357.6132	2818.3	1
110	939.35	4358.32	3904.1	1
110	971.05	4359.3719	3794.4	1
110	995.11	4360.1672	1292.6	1
110	1011.75	4360.7178	498.8	1
110	1029.73	4361.3071	1029.1	1
110	1052.36	4362.0662	15195.4	1
110	1064.9	4362.4721	859.3	1
110	1104.96	4363.7945	3675.0	1
110	1170.13	4365.9301	11408.1	1
110	1202.16	4366.9657	856.9	1
110	1215.75	4367.418	1441.5	1
110	1228.31	4367.8316	32342.1	1
110	1291.37	4369.8756	8891.1	1
110	1318.35	4370.7532	100109.8	1
110	1336.19	4371.329	33748.2	1
110	1372.42	4372.49	1296.2	1
110	1423.07	4374.1239	33632.2	1
110	1480.22	4375.9542	25955.8	1
110	1498.58	4376.5309	594.0	1
110	1550.07	4378.1768	12667.4	1
110	1596.98	4379.6668	30677.0	1
110	1616.95	4380.2863	418.6	1
110	1652.05	4381.4018	1643.3	1
110	1666.54	4381.8601	9683.4	1
110	1756.18	4384.656	269.8	1
110	1768.43	4385.0566	4931.9	1
109	56.71	4367.8316	3802.1	1
109	114.76	4369.8756	1514.7	1
109	155.92	4371.329	8161.3	1
109	189.34	4372.49	386.0	1
109	235.56	4374.1239	13116.9	1
109	287.94	4375.9542	15241.0	1
109	304.68	4376.5309	420.9	1
109	351.69	4378.1768	12125.2	1
109	394.55	4379.6668	35450.9	1
109	412.55	4380.2863	622.1	1
109	444.57	4381.4018	3509.2	1
109	457.84	4381.8601	25432.9	1
109	538.86	4384.656	1191.8	1
109	550.39	4385.0566	19868.8	1
109	570.86	4385.7535	393.0	1
109	639.53	4388.1014	362.2	1
109	782.23	4392.974	5159.0	1
109	805.46	4393.759	1564.2	1
109	839.02	4394.8945	1078.2	1
109	886.06	4396.4783	1637.5	1
109	928.65	4397.9149	3304.4	1
109	963.88	4399.0939	549.8	1
109	973.31	4399.406	664.1	1
109	993.55	4400.0968	25350.9	1
109	1020.21	4400.9863	68331.7	1
109	1038.04	4401.5812	10673.4	1
109	1058.35	4402.2452	1234.2	1
109	1078.6	4402.9271	17047.4	1
109	1138.28	4404.9022	2363.7	1
109	1247.02	4408.4822	1654.4	1
109	1290.3	4409.8991	1181.4	1
109	1397.17	4413.3745	271.5	1
109	1405.07	4413.6324	486.8	1
109	1485.71	4416.237	883.6	1
109	1504.42	4416.8447	1697.2	1
109	1611.09	4420.2571	298.3	1
109	1667.25	4422.0479	804.2	1
109	1720.07	4423.7202	592.1	1
108	74.72	4408.8828	5104.0	1
108	103.7	4409.8991	195.9	1
108	208.68	4413.6324	180.0	1
108	232.67	4414.4863	2311.4	1
108	282.45	4416.237	570.6	1
108	299.58	4416.8447	1165.6	1
108	396.82	4420.2571	418.8	1
108	433.59	4421.5439	767.5	1
108	447.8	4422.0479	1704.6	1
108	495.7	4423.7202	1809.0	1
108	527.92	4424.8373	801.6	1
108	561.09	4426.0011	106176.9	1
108	682.14	4430.189	56656.5	1
108	705.6	4430.9963	17181.2	1
108	742.3	4432.2523	3131.9	1
108	763.08	4432.9628	7124.4	1
108	778.6	4433.4907	1043.6	1
108	788.42	4433.838	17210.8	1
108	860.47	4436.2844	1051.0	1
108	881.39	4436.9961	508.1	1
108	932.78	4438.7464	2198.9	1
108	944.01	4439.1237	2388.2	1
108	953.7	4439.4614	15271.1	1
108	966.12	4439.8793	3578.7	1
108	986.84	4440.5737	4403.9	1
108	995.5	4440.8659	3685.5	1
108	1017.51	4441.6084	1705.5	1
108	1061.6	4443.0863	1141.8	1
108	1078.76	4443.6657	2262.2	1
108	1119.45	4445.0338	1190.0	1
108	1145.4	4445.9012	10496.0	1
108	1185.64	4447.2296	509.3	1
108	1203.64	4447.8346	2824.0	1
108	1234.9	4448.8792	25649.4	1
108	1254.46	4449.5206	1127.8	1
108	1293.2	4450.804	1572.2	1
108	1346.69	4452.5655	9864.8	1
108	1414.2	4454.7738	477.2	1
108	1489.96	4457.2362	407.0	1
108	1513.15	4458.0015	8787.3	1
108	1536.29	4458.7384	811.8	1
108	1561.33	4459.5477	171.1	1
108	1592.29	4460.5574	1319.0	1
108	1613.38	4461.2412	2788.6	1
108	1622.38	4461.5278	2694.6	1
108	1689.33	4463.666	607.2	1
108	1741.56	4465.3406	738.7	1
107	42.06	4448.8792	2975.8	1
107	60.3	4449.5206	165.6	1
107	95.75	4450.804	264.9	1
107	206.78	4454.7738	168.8	1
107	275.73	4457.2362	244.0	1
107	296.89	4458.0015	6326.1	1
107	317.93	4458.7384	677.0	1
107	369.04	4460.5574	1502.2	1
107	388.23	4461.2412	3945.4	1
107	396.37	4461.5278	4011.3	1
107	456.98	4463.666	1521.2	1
107	504.5	4465.3406	2832.8	1
107	522.81	4465.9751	268.8	1
107	589.68	4468.3208	451.7	1
107	614.47	4469.1891	345.8	1
107	623.86	4469.5253	3502.9	1
107	666.04	4470.9906	951.8	1
107	719.53	4472.8462	479.7	1
107	754.88	4474.073	766.0	1
107	774.34	4474.7594	49441.2	1
107	787.87	4475.2214	5467.7	1
107	885.89	4478.5958	2709.8	1
107	916.4	4479.6376	1327.3	1
107	934.99	4480.2661	306.5	1
107	990.34	4482.1693	10218.3	1
107	1025.01	4483.3468	4624.3	1
107	1129.82	4486.8973	15465.5	1
107	1147.69	4487.4955	7298.3	1
107	1171.96	4488.3123	1177.5	1
107	1182.86	4488.6808	8934.0	1
107	1212.22	4489.6645	3194.0	1
107	1242.68	4490.6715	481.7	1
107	1251.48	4490.9816	6622.2	1
107	1363.32	4494.6907	550.8	1
107	1371.47	4494.9616	306.7	1
107	1379.96	4495.2378	233.9	1
107	1412.58	4496.3155	378.1	1
107	1460.76	4497.9144	716.6	1
107	1479.72	4498.5384	2542.4	1
107	1491.96	4498.9401	7068.6	1
107	1523.75	4499.9832	4366.0	1
107	1614.01	4502.9268	2707.2	1
107	1684.75	4505.2167	1357.8	1
106	46.72	4490.9816	864.8	1
106	111.31	4493.3337	23695.5	1
106	149.23	4494.6907	155.0	1
106	156.6	4494.9616	101.5	1
106	238.24	4497.9144	385.9	1
106	255.67	4498.5384	1377.8	1
106	266.76	4498.9401	4201.2	1
106	295.74	4499.9832	3213.8	1
106	377.93	4502.9268	3290.6	1
106	442.07	4505.2167	3090.1	1
106	504.41	4507.4185	234.6	1
106	575.79	4509.9587	370.9	1
106	597.41	4510.7332	64723.7	1
106	647.53	4512.4832	701.5	1
106	668.29	4513.2231	2777.9	1
106	681.28	4513.6799	2840.0	1
106	692.28	4514.0573	207.1	1
106	722.2	4515.1182	15611.8	1
106	737.17	4515.6274	257.9	1
106	840.97	4519.2592	4318.2	1
106	896.78	4521.1939	12339.4	1
106	912.94	4521.7407	255.9	1
106	929.26	4522.323	16402.5	1
106	942.65	4522.7839	282.9	1
106	982.12	4524.1289	388.0	1
106	1002.64	4524.8379	1015.0	1
106	1063.45	4526.9177	201.9	1
106	1169.64	4530.5523	8523.7	1
106	1204.3	4531.7134	565.7	1
106	1220.26	4532.2577	1382.7	1
106	1251.06	4533.3042	2180.6	1
106	1275.42	4534.1198	1560.7	1
106	1308.96	4535.2546	6670.7	1
106	1330.82	4535.9798	682.8	1
106	1380.36	4537.6426	1523.8	1
106	1481.15	4540.999	5511.3	1
106	1554.58	4543.4153	252.2	1
106	1568.27	4543.8692	601.4	1
106	1587.94	4544.5142	1403.4	1
106	1603.82	4545.0519	116058.0	1
106	1630.34	4545.9156	2571.2	1
106	1671.21	4547.2498	614.9	1
106	1686.91	4547.7589	737.4	1
105	35.49	4533.3042	353.5	1
105	57.73	4534.1198	217.0	1
105	88.52	4535.2546	1093.2	1
105	108.4	4535.9798	141.9	1
105	154.05	4537.6426	438.8	1
105	245.89	4540.999	2942.0	1
105	312.74	4543.4153	196.9	1
105	325.28	4543.8692	536.8	1
105	342.96	4544.5142	1627.0	1
105	381.61	4545.9156	3584.3	1
105	403.06	4546.6757	346.3	1
105	418.64	4547.2498	1186.0	1
105	432.87	4547.7589	1479.2	1
105	484.96	4549.6262	223.0	1
105	536.68	4551.4736	541.3	1
105	555.51	4552.1536	1689.5	1
105	657.95	4555.8127	8913.7	1
105	674.41	4556.3872	443.5	1
105	729.6	4558.3458	1283.8	1
105	750.03	4559.0571	275.2	1
105	757.25	4559.312	340.7	1
105	814.73	4561.3477	4226.1	1
105	835.87	4562.0803	548.1	1
105	901.87	4564.4054	4018.4	1
105	914.33	4564.8354	1906.2	1
105	966.63	4566.6497	1252.7	1
105	983.32	4567.2403	5398.7	1
105	1009.43	4568.1426	1475.0	1
105	1020.7	4568.5235	409.4	1
105	1091.15	4570.9722	9045.5	1
105	1170.87	4573.7038	1473.1	1
105	1180.39	4574.0279	442.6	1
105	1188.67	4574.3058	256.0	1
105	1259.71	4576.7405	231.8	1
105	1350.56	4579.8272	2371.6	1
105	1390.76	4581.1732	1187.0	1
105	1607.45	4588.4261	4178.2	1
105	1736.07	4592.666	1681.7	1
105	1766.3	4593.6437	206.6	1
104	32.32	4576.7405	47.4	1
104	102.38	4579.3495	23091.7	1
104	115.51	4579.8272	562.6	1
104	152.33	4581.1732	363.3	1
104	349.56	4588.4261	4641.5	1
104	373.06	4589.2668	1057.3	1
104	389.89	4589.8978	79386.3	1
104	466.1	4592.666	4764.6	1
104	493.12	4593.6437	781.6	1
104	542.16	4595.4206	21134.0	1
104	560.85	4596.0967	11198.5	1
104	634.88	4598.7627	16966.7	1
104	661.49	4599.7046	521.4	1
104	757.52	4603.1446	1020.7	1
104	852.41	4606.5021	573.5	1
104	877.11	4607.378	547.7	1
104	892.62	4607.9347	2088.0	1
104	912.1	4608.6201	1927.2	1
104	938.75	4609.5673	227378.0	1
104	969.22	4610.6272	730.4	1
104	1004.34	4611.8597	1892.6	1
104	1024.03	4612.5435	1093.0	1
104	1054.16	4613.6044	2902.1	1
104	1094.96	4615.024	1938.5	1
104	1103.83	4615.334	2780.8	1
104	1136.36	4616.4523	325.2	1
104	1245.9	4620.2408	828.0	1
104	1251.86	4620.4476	342.8	1
104	1272.35	4621.1629	2758.3	1
104	1300.8	4622.1209	258.2	1
104	1364.72	4624.314	920.3	1
104	1375.71	4624.6776	167.7	1
104	1452.55	4627.298	1126.6	1
104	1486.1	4628.4409	6772.5	1
104	1584.9	4631.7617	1972.5	1
104	1749.06	4637.2328	3553.2	1
103	32.62	4621.1629	362.7	1
103	117.09	4624.314	223.3	1
103	197.31	4627.298	460.4	1
103	227.83	4628.4409	3331.4	1
103	317.54	4631.7617	1907.6	1
103	372.38	4633.7657	1399.3	1
103	491.04	4638.1259	395.7	1
103	506.09	4638.6849	2307.8	1
103	534.21	4639.7036	668.6	1
103	543.41	4640.0462	1352.6	1
103	640.08	4643.5566	445.9	1
103	671.85	4644.7072	593.4	1
103	726.45	4646.6861	1186.8	1
103	742.12	4647.2509	3003.0	1
103	762.12	4647.9564	190.0	1
103	825.3	4650.2343	2072.1	1
103	862.25	4651.5552	5395.0	1
103	874.44	4651.9895	2027.7	1
103	965.04	4655.2126	1028.5	1
103	1002.8	4656.5518	459.2	1
103	1088.44	4659.5698	868.2	1
103	1111.93	4660.3941	378.8	1
103	1174.9	4662.5936	519.6	1
103	1191.98	4663.2026	8682.7	1
103	1243.03	4664.9704	541.9	1
103	1272.71	4666.005	2914.3	1
103	1287.38	4666.5158	3171.0	1
103	1295.5	4666.7985	3966.2	1
103	1335.21	4668.1716	6729.1	1
103	1369.93	4669.3561	276.6	1
103	1387.84	4669.9842	8311.6	1
103	1459.9	4672.4372	240.9	1
103	1546.06	4675.376	513.5	1
103	1565.87	4676.0555	3858.8	1
103	1630.71	4678.2352	276.0	1
103	1702.18	4680.646	535.6	1
103	1783.01	4683.3517	557.0	1
102	34.88	4666.5158	465.7	1
102	42.35	4666.7985	623.0	1
102	78.58	4668.1716	1220.2	1
102	126.6	4669.9842	2089.0	1
102	224.43	4673.6609	14128.7	1
102	270.57	4675.376	355.6	1
102	288.59	4676.0555	2892.3	1
102	313.5	4676.9721	277.4	1
102	347.26	4678.2352	363.0	1
102	401.1	4680.2377	708.5	1
102	411.91	4680.646	1228.0	1
102	484.99	4683.3517	1998.1	1
102	562.01	4686.1946	8803.8	1
102	682.88	4690.6219	3455.5	1
102	694.83	4691.0516	433.3	1
102	710.45	4691.6354	3497.5	1
102	778.22	4694.0914	8822.3	1
102	804.14	4695.0381	13180.2	1
102	815.88	4695.4542	1180.3	1
102	892.93	4698.2248	672.1	1
102	946.14	4700.1402	870.8	1
102	963.64	4700.7711	688.5	1
102	1006.51	4702.3161	15483.2	1
102	1053.49	4703.9898	55336.7	1
102	1090.79	4705.2986	224.4	1
102	1103.48	4705.7606	3788.3	1
102	1117.51	4706.2511	941.6	1
102	1175.11	4708.294	2546.7	1
102	1281.03	4712.0056	362.3	1
102	1294.17	4712.4814	3977.3	1
102	1304.7	4712.8408	1253.2	1
102	1379.19	4715.4308	641.2	1
102	1495.45	4719.4424	227.3	1
102	1511.01	4719.9795	430.0	1
102	1524.78	4720.4586	671.0	1
102	1548.52	4721.2765	1453.9	1
102	1557.6	4721.591	1624.6	1
102	1572.17	4722.0886	2022.7	1
102	1611.5	4723.4382	24975.0	1
102	1621.78	4723.784	3932.2	1
102	1712.37	4726.8683	34601.1	1
102	1779.48	4729.1282	1409.4	1
101	29.35	4712.4814	577.1	1
101	106.93	4715.4308	167.0	1
101	158.66	4717.3905	125.5	1
101	226.78	4719.9795	248.9	1
101	239.45	4720.4586	417.6	1
101	248.05	4720.7811	184.0	1
101	260.94	4721.2765	1074.4	1
101	269.24	4721.591	1208.4	1
101	282.43	4722.0886	1583.5	1
101	318.1	4723.4382	26762.2	1
101	327.34	4723.784	4594.5	1
101	435.79	4727.8491	298.8	1
101	443.51	4728.133	444.2	1
101	469.86	4729.1282	4626.4	1
101	490.16	4729.8795	942.3	1
101	548.28	4732.0532	12665.6	1
101	602.34	4734.0458	325.5	1
101	652.12	4735.9058	40810.8	1
101	707.03	4737.9172	347.5	1
101	754.69	4739.6764	3319.2	1
101	778.03	4740.5292	9758.2	1
101	789.54	4740.9585	2892.3	1
101	799.32	4741.3039	1027.0	1
101	821.52	4742.1174	1475.0	1
101	833.96	4742.5671	422.5	1
101	864.56	4743.687	2201.1	1
101	909.65	4745.3375	1201.3	1
101	972.72	4747.6176	248.7	1
101	1000.02	4748.5911	401.0	1
101	1016.46	4749.2002	7265.6	1
101	1037.87	4749.9713	3219.0	1
101	1240.93	4757.2196	871.1	1
101	1351.2	4761.1101	1009.6	1
101	1391.65	4762.5242	227.0	1
101	1443.42	4764.3463	4294.9	1
101	1479.36	4765.595	1442.9	1
101	1508.16	4766.6006	6290.6	1
101	1701.21	4773.241	295.0	1
101	1776.13	4775.794	295.1	1
100	106.26	4762.5242	117.7	1
100	153.4	4764.3463	1557.0	1
100	166.78	4764.8646	73649.1	1
100	186.07	4765.595	617.3	1
100	212.22	4766.6006	3241.5	1
100	386.79	4773.241	531.8	1
100	441.61	4775.313	681.9	1
100	454.3	4775.794	806.5	1
100	480.71	4776.7792	191.5	1
100	491.32	4777.1915	791.7	1
100	520.39	4778.294	23905.0	1
100	558.6	4779.7286	819.1	1
100	586.12	4780.7505	432.1	1
100	639.78	4782.7612	1189.7	1
100	669.28	4783.8617	1346.6	1
100	740.96	4786.531	1862.6	1
100	757.53	4787.148	2220.5	1
100	817.97	4789.3868	12178.3	1
100	846.95	4790.4373	393.7	1
100	876.08	4791.5157	245.4	1
100	891.24	4792.0819	958.5	1
100	923.07	4793.2446	1165.8	1
100	996.05	4795.9131	1636.8	1
100	1113.41	4800.1724	1082.8	1
100	1218.76	4803.9559	396.0	1
100	1275.8	4806.0205	89309.8	1
100	1335.18	4808.1337	25106.9	1
100	1376.94	4809.614	7087.3	1
100	1455.38	4812.3755	918.9	1
100	1473.29	4813.0069	804.2	1
100	1498.38	4813.8963	3406.9	1
100	1588.06	4817.0206	311.5	1
100	1650.52	4819.193	494.5	1
100	1699.13	4820.8847	1909.1	1
100	1719.47	4821.5878	1625.2	1
100	1756.1	4822.8548	4070.1	1
100	1778.15	4823.6058	1110.1	1
99	80.62	4809.614	1590.1	1
99	152.0	4812.3755	334.5	1
99	168.24	4813.0069	339.2	1
99	190.97	4813.8963	1696.9	1
99	272.24	4817.0206	259.6	1
99	314.52	4818.6477	373.3	1
99	328.64	4819.193	559.3	1
99	361.81	4820.4649	498.5	1
99	372.59	4820.8847	2869.6	1
99	390.94	4821.5878	3171.7	1
99	424.01	4822.8548	9485.9	1
99	443.77	4823.6058	3127.8	1
99	454.09	4823.9967	1735.7	1
99	524.9	4826.7004	5574.3	1
99	577.03	4828.6596	118.8	1
99	606.87	4829.7973	670.6	1
99	641.66	4831.1213	12731.6	1
99	654.31	4831.5975	4028.3	1
99	686.42	4832.8025	4792.7	1
99	713.68	4833.8277	244.5	1
99	721.0	4834.097	260.5	1
99	809.54	4837.4121	177.4	1
99	835.07	4838.3546	212.0	1
99	891.86	4840.4744	2195.5	1
99	937.69	4842.1676	237.9	1
99	1018.7	4845.1626	1494.6	1
99	1077.87	4847.3263	417.1	1
99	1090.63	4847.8095	34985.7	1
99	1105.83	4848.3625	13629.4	1
99	1127.05	4849.1399	1396.3	1
99	1147.11	4849.8617	1363.2	1
99	1162.92	4850.4397	5757.7	1
99	1229.83	4852.8685	1972.8	1
99	1359.87	4857.5385	283.0	1
99	1381.75	4858.3327	1228.3	1
99	1462.53	4861.2167	1672.9	1
99	1476.6	4861.7173	1360.6	1
99	1582.75	4865.4775	12659.1	1
99	1595.19	4865.9105	3444.8	1
99	1680.05	4868.8814	950.9	1
99	1749.25	4871.289	519.1	1
98	52.35	4857.5385	63.4	1
98	72.52	4858.3327	295.0	1
98	145.94	4861.2167	658.0	1
98	158.67	4861.7173	549.1	1
98	195.61	4863.1724	7229.5	1
98	254.83	4865.4775	9424.2	1
98	266.14	4865.9105	2611.9	1
98	342.58	4868.8814	1250.4	1
98	404.82	4871.289	1108.9	1
98	446.9	4872.9169	6961.3	1
98	484.51	4874.3645	2441.4	1
98	553.52	4877.0015	442.2	1
98	579.42	4878.0094	3086.9	1
98	598.29	4878.733	14900.5	1
98	627.79	4879.8635	94840.7	1
98	663.18	4881.2046	1684.5	1
98	680.52	4881.8531	442.2	1
98	690.46	4882.2432	1687.5	1
98	870.33	4889.0422	19557.8	1
98	882.54	4889.4903	801.6	1
98	892.52	4889.8553	322.0	1
98	908.4	4890.4582	800.8	1
98	940.78	4891.6606	246.9	1
98	970.0	4892.7592	1159.1	1
98	988.45	4893.4453	808.1	1
98	1028.76	4894.9551	46465.5	1
98	1133.28	4898.8044	429.2	1
98	1145.09	4899.2401	879.3	1
98	1221.25	4902.0545	2657.9	1
98	1241.75	4902.7943	930.2	1
98	1295.24	4904.7516	6802.7	1
98	1363.33	4907.2093	376.3	1
98	1436.5	4909.8431	173.1	1
98	1444.84	4910.1576	1870.2	1
98	1462.74	4910.7929	924.3	1
98	1479.13	4911.3787	773.8	1
98	1497.78	4912.0428	158.4	1
98	1511.0	4912.5293	1810.6	1
98	1716.0	4919.8157	10325.7	1
98	1767.59	4921.6134	531.4	1
97	117.1	4910.1576	604.4	1
97	133.39	4910.7929	340.2	1
97	176.95	4912.5293	913.0	1
97	408.3	4921.6134	1459.9	1
97	442.61	4922.9442	445.9	1
97	480.44	4924.4223	751.9	1
97	506.35	4925.4254	251.4	1
97	519.77	4925.9501	409.6	1
97	554.78	4927.2988	325.1	1
97	566.86	4927.7803	2191.2	1
97	600.73	4929.086	470.8	1
97	624.27	4929.985	555.7	1
97	707.64	4933.2091	7851.4	1
97	724.69	4933.8521	1303.1	1
97	778.65	4935.9283	167.6	1
97	801.12	4936.7746	1962.5	1
97	828.72	4937.8295	3128.3	1
97	846.85	4938.5047	665.7	1
97	876.4	4939.6422	9553.8	1
97	966.94	4943.0642	6236.6	1
97	984.12	4943.7076	218.0	1
97	1062.95	4946.6637	1787.6	1
97	1087.33	4947.5752	1481.0	1
97	1159.2	4950.2513	500.9	1
97	1169.32	4950.6264	2310.3	1
97	1225.34	4952.6908	380.6	1
97	1350.55	4957.2963	327.9	1
97	1372.41	4958.0988	327.3	1
97	1471.89	4961.726	603.2	1
97	1582.67	4965.7315	1178.0	1
97	1667.34	4968.7556	513.5	1
97	1704.01	4970.0785	431.9	1
97	1762.69	4972.1597	1152.0	1
96	119.59	4961.3814	31.0	1
96	128.66	4961.726	203.4	1
96	212.16	4965.0795	22159.0	1
96	228.73	4965.7315	788.1	1
96	304.85	4968.7556	628.6	1
96	390.79	4972.1597	2277.7	1
96	487.37	4975.9485	242.9	1
96	503.76	4976.5938	160.0	1
96	595.19	4980.1859	1434.0	1
96	615.03	4980.9513	597.2	1
96	654.22	4982.4875	2428.4	1
96	728.53	4985.3725	5978.5	1
96	774.82	4987.147	572.0	1
96	785.58	4987.5582	299.1	1
96	830.67	4989.3086	2178.2	1
96	879.95	4991.2038	110.3	1
96	917.79	4992.6372	274.9	1
96	946.82	4993.7488	1156.4	1
96	956.16	4994.1058	432.8	1
96	1053.9	4997.8189	285.0	1
96	1110.3	4999.9398	454.6	1
96	1167.26	5002.0972	18339.0	1
96	1189.04	5002.8933	118.2	1
96	1207.52	5003.5981	913.5	1
96	1221.58	5004.1279	710.1	1
96	1361.5	5009.3344	12438.3	1
96	1540.57	5015.8893	776.6	1
96	1575.52	5017.1628	19337.2	1
96	1648.18	5019.8062	2295.8	1
95	15.07	5009.3344	2680.0	1
95	68.2	5011.4774	62.8	1
95	177.22	5015.8893	428.8	1
95	193.36	5016.5356	158.7	1
95	231.0	5018.0535	162.1	1
95	274.3	5019.8062	2196.2	1
95	292.97	5020.5458	182.0	1
95	329.42	5022.0051	541.5	1
95	372.06	5023.7084	272.6	1
95	394.72	5024.6122	60.4	1
95	527.22	5029.8916	1792.9	1
95	639.16	5034.2944	144.6	1
95	701.03	5036.7284	173.7	1
95	764.61	5039.2303	8961.0	1
95	801.83	5040.6805	438.0	1
95	813.59	5041.1224	508.8	1
95	825.92	5041.5998	283.0	1
95	875.29	5043.5145	295.1	1
95	919.78	5045.2481	2229.5	1
95	948.79	5046.3527	365.9	1
95	966.32	5047.0434	4634.4	1
95	976.68	5047.4283	376.2	1
95	1038.1	5049.796	14059.2	1
95	1063.86	5050.7842	5353.6	1
95	1092.88	5051.8887	2002.4	1
95	1111.54	5052.5853	139.4	1
95	1183.87	5055.3473	3613.3	1
95	1253.81	5057.9866	1173.9	1
95	1263.86	5058.3611	1195.5	1
95	1303.56	5059.8611	2899.3	1
95	1340.12	5061.2225	571.5	1
95	1351.6	5061.6562	996.5	1
95	1361.53	5062.0371	13783.8	1
95	1385.88	5062.9325	535.2	1
95	1401.42	5063.5157	1070.7	1
95	1414.72	5063.9988	834.0	1
95	1430.45	5064.602	5960.2	1
95	1439.67	5064.9454	8936.7	1
95	1471.96	5066.1355	1275.0	1
95	1489.48	5066.7773	684.8	1
95	1499.18	5067.1379	579.0	1
95	1559.0	5069.3384	228.4	1
94	37.79	5063.5157	249.6	1
94	64.03	5064.602	1776.9	1
94	72.37	5064.9454	2593.6	1
94	101.7	5066.1355	411.4	1
94	117.53	5066.7773	254.0	1
94	126.37	5067.1379	203.1	1
94	146.34	5067.9737	9471.8	1
94	180.15	5069.3384	138.0	1
94	239.45	5071.7534	61.3	1
94	261.02	5072.6288	89.6	1
94	479.36	5081.4462	710.2	1
94	567.99	5084.9935	500.7	1
94	589.39	5085.8392	81.4	1
94	695.36	5090.0513	298.6	1
94	822.16	5095.0639	906.5	1
94	858.16	5096.4848	4623.4	1
94	898.18	5098.0432	1874.4	1
94	964.04	5100.6211	5966.6	1
94	977.35	5101.1299	1147.4	1
94	1222.25	5110.5528	238.8	1
94	1240.94	5111.2781	1678.4	1
94	1339.98	5115.0448	14664.6	1
94	1400.13	5117.2923	346.4	1
94	1423.97	5118.2023	853.3	1
94	1539.12	5122.4995	426.4	1
94	1631.62	5125.9502	1727.0	1
94	1700.98	5128.4897	646.8	1
94	1729.52	5129.552	46.6	1
93	44.36	5118.2023	229.3	1
93	148.22	5122.4995	220.6	1
93	231.64	5125.9502	1398.9	1
93	357.26	5131.072	257.4	1
93	447.02	5134.746	1811.2	1
93	514.35	5137.4733	574.7	1
93	608.49	5141.265	146.6	1
93	620.79	5141.7827	8462.1	1
93	658.05	5143.2673	2541.1	1
93	673.99	5143.9165	2627.9	1
93	708.66	5145.3083	5232.2	1
93	727.79	5146.0557	225.2	1
93	754.9	5147.1346	134.9	1
93	781.76	5148.2115	941.6	1
93	806.86	5149.2069	288.0	1
93	867.11	5151.612	11030.4	1
93	915.82	5153.5173	141.8	1
93	1044.82	5158.6041	33283.2	1
93	1071.17	5159.6202	536.5	1
93	1120.27	5161.5396	2845.3	1
93	1139.33	5162.2846	10206.6	1
93	1169.61	5163.4584	7636.7	1
93	1229.52	5165.7728	1879.6	1
93	1252.74	5166.6553	294.9	1
93	1303.06	5168.5866	487.5	1
93	1311.71	5168.9225	656.5	1
93	1436.28	5173.6715	830.1	1
93	1466.11	5174.7988	373.7	1
93	1479.81	5175.3248	1287.1	1
93	1495.63	5175.9115	411.5	1
93	1503.74	5176.2292	1146.8	1
93	1563.68	5178.48	281.1	1
92	80.62	5175.3248	432.1	1
92	102.38	5176.2292	437.2	1
92	119.56	5176.961	2350.6	1
92	156.39	5178.48	117.7	1
92	253.56	5182.5269	217.6	1
92	288.74	5183.9896	434.4	1
92	300.14	5184.4534	302.6	1
92	347.38	5186.4132	396.4	1
92	369.62	5187.3374	1237.5	1
92	379.39	5187.7462	7043.2	1
92	394.76	5188.3656	182.8	1
92	455.5	5190.872	763.4	1
92	527.55	5193.8256	1667.8	1
92	542.92	5194.4576	1601.8	1
92	576.01	5195.8136	5753.8	1
92	611.3	5197.236	242.4	1
92	649.56	5198.7999	2840.5	1
92	658.35	5199.1637	12950.0	1
92	774.51	5203.8479	365.8	1
92	806.82	5205.1522	836.7	1
92	822.66	5205.7787	382.7	1
92	840.39	5206.4956	1200.8	1
92	872.96	5207.8015	261.3	1
92	920.96	5209.7246	2397.5	1
92	958.67	5211.2305	13818.0	1
92	1012.17	5213.3492	3418.7	1
92	1094.48	5216.5966	2783.3	1
92	1143.68	5218.5271	1157.1	1
92	1158.3	5219.1099	6369.3	1
92	1204.93	5220.9263	799.2	1
92	1213.65	5221.271	4769.9	1
92	1393.12	5228.2246	907.6	1
92	1469.32	5231.1597	29354.1	1
92	1523.74	5233.2254	1246.5	1
92	1671.21	5238.8137	1749.7	1
92	1690.81	5239.552	1448.7	1
92	1708.13	5240.1968	910.7	1
91	105.64	5233.2254	517.7	1
91	238.22	5238.8137	1547.6	1
91	255.78	5239.552	1534.5	1
91	271.19	5240.1968	1183.9	1
91	310.91	5241.8544	111.1	1
91	449.84	5247.6547	6111.7	1
91	527.75	5250.8727	375.6	1
91	752.23	5260.1041	1835.0	1
91	786.04	5261.472	654.6	1
91	867.63	5264.7824	456.0	1
91	915.05	5266.7103	7442.2	1
91	1070.27	5272.927	1097.6	1
91	1100.07	5274.1188	2689.9	1
91	1158.19	5276.4089	319.0	1
91	1176.59	5277.146	660.1	1
91	1185.51	5277.5002	2015.5	1
91	1275.84	5281.0687	1903.5	1
91	1290.38	5281.6285	513.2	1
91	1343.01	5283.6959	141.2	1
91	1425.0	5286.887	709.1	1
91	1619.99	5294.3971	956.1	1
91	1669.49	5296.2787	1083.6	1
91	1707.9	5297.7431	1190.5	1
91	1721.99	5298.2824	1038.6	1
91	1781.42	5300.5234	488.0	1
90	116.85	5291.8163	363.9	1
90	177.31	5294.3971	611.0	1
90	221.6	5296.2787	901.4	1
90	256.05	5297.7431	1394.2	1
90	268.67	5298.2824	1181.7	1
90	321.68	5300.5234	806.2	1
90	342.81	5301.4043	241.3	1
90	391.88	5303.4833	278.5	1
90	475.34	5306.9864	288.7	1
90	486.6	5307.4655	522.1	1
90	553.45	5310.2665	1463.2	1
90	594.88	5312.0018	8915.3	1
90	607.63	5312.5288	3420.0	1
90	616.54	5312.9045	1895.0	1
90	672.68	5315.2278	256.1	1
90	727.43	5317.4944	1450.0	1
90	750.31	5318.4268	236.4	1
90	807.14	5320.7699	775.8	1
90	859.24	5322.8988	253.0	1
90	913.96	5325.1438	1054.9	1
90	941.57	5326.2774	1104.8	1
90	958.69	5326.9756	5881.8	1
90	1035.39	5330.0804	959.7	1
90	1295.93	5340.4982	316.4	1
90	1373.32	5343.5812	18106.0	1
90	1445.03	5346.3778	396.0	1
90	1485.46	5347.9714	973.4	1
90	1512.26	5349.0054	268.3	1
90	1566.57	5351.1265	812.9	1
89	41.24	5347.9714	323.4	1
89	114.19	5351.1265	429.9	1
89	130.7	5351.8365	128.0	1
89	194.92	5354.6016	210.5	1
89	219.03	5355.6365	211.3	1
89	347.72	5361.1556	347.5	1
89	380.86	5362.5751	762.0	1
89	405.19	5363.6073	75.2	1
89	572.67	5370.7096	619.7	1
89	619.99	5372.7027	581.0	1
89	670.27	5374.8219	2323.3	1
89	683.08	5375.3526	1678.9	1
89	693.17	5375.7688	499.2	1
89	701.75	5376.1304	787.2	1
89	716.96	5376.7809	823.3	1
89	772.87	5379.1105	3643.2	1
89	865.03	5382.9276	1508.7	1
89	891.86	5384.0356	1216.3	1
89	989.36	5388.0507	538.5	1
89	1063.54	5391.076	321.3	1
89	1100.0	5392.5726	2161.2	1
89	1125.47	5393.5995	331.8	1
89	1134.25	5393.9719	1472.8	1
89	1153.68	5394.7608	6901.8	1
89	1222.05	5397.516	863.0	1
89	1239.41	5398.2047	271.8	1
89	1251.36	5398.7015	1964.0	1
89	1263.05	5399.1745	2109.8	1
89	1274.57	5399.6218	299.7	1
89	1287.71	5400.1455	297.9	1
89	1348.84	5402.6048	831.8	1
89	1363.91	5403.1993	407.7	1
89	1468.0	5407.3439	1056.7	1
89	1475.64	5407.6535	4884.0	1
88	16.93	5407.6535	1477.5	1
88	87.97	5410.7687	1993.7	1
88	242.06	5417.4858	8173.8	1
88	331.47	5421.3517	1558.8	1
88	342.67	5421.8359	548.4	1
88	392.98	5424.0079	1771.0	1
88	431.76	5425.6783	1993.2	1
88	448.87	5426.4075	359.0	1
88	477.15	5427.6207	83.1	1
88	558.5	5431.112	3267.6	1
88	610.1	5433.2919	220.2	1
88	619.64	5433.7005	240.5	1
88	629.86	5434.1514	1437.5	1
88	653.08	5435.1229	334.5	1
88	670.94	5435.8925	913.9	1
88	706.4	5437.3877	564.3	1
88	724.31	5438.1374	270.0	1
88	767.68	5439.9891	1382.7	1
88	782.39	5440.6015	709.2	1
88	797.0	5441.2145	177.4	1
88	939.0	5447.1536	1254.7	1
88	994.93	5449.4788	939.5	1
88	1047.14	5451.652	6784.5	1
88	1060.92	5452.2187	4936.7	1
88	1132.64	5455.1524	209.3	1
88	1225.91	5458.9676	326.2	1
88	1293.79	5461.7358	605.7	1
88	1315.44	5462.6129	486.8	1
88	1354.48	5464.2055	3372.9	1
88	1428.21	5467.1704	588.1	1
88	1517.94	5470.7591	1493.0	1
87	227.57	5479.0751	331.8	1
87	269.06	5480.8907	124.9	1
87	343.28	5484.1467	442.6	1
87	446.16	5488.6287	786.2	1
87	480.67	5490.1194	268.4	1
87	538.49	5492.6435	2712.6	1
87	551.57	5493.204	883.8	1
87	577.63	5494.3306	1016.5	1
87	613.26	5495.8738	11356.5	1
87	667.3	5498.1841	454.0	1
87	739.68	5501.2814	519.3	1
87	755.22	5501.9439	557.1	1
87	810.33	5504.3018	3839.8	1
87	853.05	5506.1128	3091.3	1
87	887.0	5507.5385	914.3	1
87	911.13	5508.5585	650.4	1
87	944.88	5509.9938	6256.1	1
87	961.62	5510.6832	234.4	1
87	970.71	5511.0608	126.0	1
87	1160.47	5518.9893	742.3	1
87	1227.47	5521.7532	352.5	1
87	1296.25	5524.5824	1479.7	1
87	1305.01	5524.957	1920.6	1
87	1362.38	5527.2953	589.1	1
87	1385.26	5528.2272	613.4	1
87	1446.19	5530.6977	339.8	1
87	1605.87	5537.1307	413.4	1
87	1616.29	5537.5563	545.4	1
87	1642.26	5538.6087	719.4	1
87	1675.06	5539.9106	3818.8	1
87	1706.29	5541.1466	393.6	1
87	1750.21	5542.89	1285.1	1
86	101.55	5537.1307	209.5	1
86	110.97	5537.5563	312.8	1
86	134.18	5538.6087	462.4	1
86	148.87	5539.2618	7172.2	1
86	163.47	5539.9106	2818.0	1
86	191.29	5541.1466	349.1	1
86	201.34	5541.5815	327.7	1
86	230.46	5542.89	1449.4	1
86	279.48	5545.0495	208.4	1
86	303.48	5546.1204	344.8	1
86	349.62	5548.1758	4915.7	1
86	422.25	5551.3719	823.3	1
86	450.68	5552.6229	464.2	1
86	517.17	5555.5312	284.5	1
86	531.3	5556.1487	331.9	1
86	551.39	5557.0454	4350.0	1
86	581.07	5558.3422	6577.5	1
86	589.21	5558.702	13577.2	1
86	616.57	5559.8912	3274.6	1
86	716.16	5564.2011	914.5	1
86	804.27	5567.9986	1120.8	1
86	878.41	5571.1913	6022.3	1
86	928.88	5573.3535	14447.4	1
86	995.97	5576.2045	3577.0	1
86	1030.87	5577.6845	1944.7	1
86	1070.44	5579.3583	8081.7	1
86	1087.67	5580.0771	733.3	1
86	1103.92	5580.7547	453.0	1
86	1142.28	5582.3666	336.0	1
86	1154.04	5582.8665	405.5	1
86	1175.39	5583.7621	1304.8	1
86	1253.25	5587.0263	40117.5	1
86	1412.55	5593.6129	1701.1	1
86	1447.71	5595.0635	9606.7	1
86	1506.86	5597.4756	1394.4	1
86	1560.51	5599.6548	594.8	1
86	1596.72	5601.1216	689.2	1
86	1608.18	5601.6032	8550.3	1
86	1680.42	5604.5154	3203.1	1
86	1735.46	5606.733	12385.6	1
85	44.43	5599.6548	244.1	1
85	87.12	5601.6032	4309.2	1
85	151.53	5604.5154	2359.4	1
85	169.22	5605.2957	133.7	1
85	288.61	5610.6809	1790.0	1
85	319.54	5612.0679	2097.4	1
85	332.07	5612.6174	201.3	1
85	392.2	5615.3195	10112.4	1
85	497.32	5619.9755	393.0	1
85	518.52	5620.9213	244.6	1
85	608.84	5624.9129	232.4	1
85	626.3	5625.6782	258.3	1
85	731.49	5630.2969	347.0	1
85	799.89	5633.295	1016.5	1
85	995.01	5641.7342	706.7	1
85	1105.55	5646.4514	454.3	1
85	1157.98	5648.6863	1547.0	1
85	1164.94	5648.991	2887.2	1
85	1205.35	5650.7043	10919.0	1
85	1284.42	5654.0234	750.0	1
85	1377.35	5657.9255	2250.3	1
85	1406.33	5659.1272	1177.4	1
85	1500.7	5663.042	646.9	1
85	1539.0	5664.621	633.2	1
85	1563.36	5665.6283	1320.8	1
85	1599.92	5667.1281	1151.1	1
84	20.18	5665.1799	2053.7	1
84	30.13	5665.6283	499.5	1
84	62.72	5667.1281	504.7	1
84	209.54	5673.8358	271.5	1
84	234.83	5674.9864	854.3	1
84	280.0	5677.0529	1697.4	1
84	323.17	5679.005	244.4	1
84	387.18	5681.9001	1084.8	1
84	460.2	5685.1921	859.0	1
84	582.84	5690.6934	119.7	1
84	604.43	5691.6612	949.0	1
84	753.92	5698.2937	523.7	1
84	813.13	5700.9176	5968.6	1
84	853.02	5702.6511	405.0	1
84	954.45	5707.1033	7692.5	1
84	990.83	5708.6794	278.6	1
84	1153.97	5715.7244	189.6	1
84	1187.62	5717.1711	582.3	1
84	1244.62	5719.6227	10015.7	1
84	1257.7	5720.1828	66606.5	1
84	1358.64	5724.4638	1032.9	1
84	1371.98	5725.0114	383.9	1
84	1380.45	5725.3885	6775.0	1
84	1435.96	5727.7103	452.0	1
84	1635.43	5736.0297	503.8	1
84	1719.75	5739.5196	2734.7	1
84	1760.31	5741.1705	373.2	1
84	1776.15	5741.829	1484.4	1
83	30.47	5733.8851	49.5	1
83	76.97	5736.0297	277.9	1
83	152.0	5739.5196	2429.0	1
83	187.89	5741.1705	445.7	1
83	202.0	5741.829	1815.4	1
83	285.96	5745.6755	83.3	1
83	352.39	5748.7412	2534.2	1
83	366.54	5749.3883	2213.8	1
83	375.28	5749.7862	882.6	1
83	446.2	5753.0265	3145.7	1
83	678.11	5763.529	4147.9	1
83	773.18	5767.7785	766.4	1
83	781.99	5768.1812	2530.0	1
83	870.4	5772.1143	1431.0	1
83	911.92	5773.9463	2082.1	1
83	990.24	5777.4006	625.2	1
83	1045.8	5779.8352	239.6	1
83	1087.2	5781.6588	286.9	1
83	1102.03	5782.3139	566.4	1
83	1335.89	5792.4304	3611.5	1
83	1421.05	5796.0683	1857.3	1
83	1450.69	5797.3194	494.7	1
83	1477.95	5798.478	628.8	1
83	1533.18	5800.8297	9758.2	1
83	1563.08	5802.0798	1377.6	1
82	38.12	5804.1412	11804.2	1
82	226.77	5812.9725	582.9	1
82	279.3	5815.4219	2560.2	1
82	329.51	5817.7348	132.0	1
82	613.19	5830.8272	472.5	1
82	647.18	5832.3705	1133.3	1
82	688.61	5834.2633	2026.6	1
82	792.42	5838.9502	459.0	1
82	829.75	5840.6404	601.3	1
82	900.24	5843.8069	589.9	1
82	947.5	5845.9188	550.7	1
82	1099.42	5852.6806	2358.5	1
82	1117.44	5853.4745	1932.7	1
82	1132.1	5854.1207	1846.2	1
82	1237.46	5858.7543	189.7	1
82	1258.54	5859.6687	441.9	1
82	1273.12	5860.3103	4873.5	1
82	1351.58	5863.7184	1853.7	1
82	1423.4	5866.8119	289.3	1
82	1494.02	5869.8507	659.9	1
82	1510.37	5870.5526	479.5	1
82	1525.15	5871.1828	576.9	1
82	1614.46	5874.9865	131.4	1
81	108.94	5879.1265	54.0	1
81	247.79	5885.7016	2560.8	1
81	265.65	5886.5314	292.1	1
81	309.02	5888.5841	5742.7	1
81	338.21	5889.9531	1076.9	1
81	370.12	5891.451	1937.1	1
81	452.25	5895.2818	288.2	1
81	465.93	5895.9281	530.7	1
81	475.46	5896.3631	256.8	1
81	550.12	5899.8441	707.8	1
81	643.34	5904.1592	287.4	1
81	673.78	5905.5707	1131.0	1
81	797.4	5911.2296	297.0	1
81	815.56	5912.0853	13206.9	1
81	872.54	5914.6709	6111.9	1
81	966.96	5918.9442	876.4	1
81	1110.6	5925.4036	1828.6	1
81	1129.06	5926.2321	3208.6	1
81	1186.96	5928.813	6219.8	1
81	1212.38	5929.9343	1092.0	1
81	1358.78	5936.3861	347.2	1
81	1387.78	5937.6634	1016.6	1
81	1405.84	5938.457	3033.5	1
81	1414.14	5938.8252	6645.0	1
80	171.28	5955.5616	183.3	1
80	280.42	5960.7806	119.0	1
80	469.07	5969.7373	374.6	1
80	508.5	5971.6008	536.0	1
80	552.04	5973.6649	17606.0	1
80	581.88	5975.0648	5359.9	1
80	822.85	5986.2665	324.5	1
80	844.88	5987.3016	1536.1	1
80	882.75	5989.0447	7178.3	1
80	925.42	5991.0071	4430.0	1
80	993.57	5994.1287	14792.1	1
80	1048.85	5996.6297	475.7	1
80	1100.83	5998.9987	1361.0	1
80	1149.56	6001.2033	1648.0	1
80	1237.66	6005.165	1742.3	1
80	1250.41	6005.7242	633.8	1
80	1280.16	6007.0722	4420.3	1
80	1349.47	6010.1606	3210.1	1
80	1380.6	6011.5337	329.8	1
80	1428.99	6013.6777	989.5	1
80	1468.65	6015.4218	612.6	1
80	1596.45	6021.0357	3783.8	1
80	1691.42	6025.15	1251.0	1
79	52.64	6025.15	741.0	1
79	71.1	6026.0448	78.0	1
79	161.36	6030.445	714.0	1
79	211.48	6032.8726	206.0	1
79	222.83	6033.4131	196.4	1
79	259.53	6035.1923	282.0	1
79	311.04	6037.6975	6457.4	1
79	331.63	6038.6805	688.2	1
79	413.17	6042.5898	265.5	1
79	426.0	6043.2233	8243.2	1
79	451.44	6044.4327	1056.3	1
79	503.12	6046.8977	248.8	1
79	547.96	6049.051	3432.0	1
79	588.83	6050.9818	341.7	1
79	625.18	6052.7229	2114.7	1
79	639.2	6053.3808	1287.7	1
79	812.62	6061.5361	232.8	1
79	973.25	6069.0207	683.6	1
79	1061.71	6073.1036	1386.7	1
79	1148.99	6077.1057	963.2	1
79	1165.72	6077.8728	1086.7	1
79	1177.79	6078.4212	801.5	1
79	1195.31	6079.2227	1386.1	1
79	1330.77	6085.3748	1496.5	1
79	1373.15	6087.2622	681.2	1
79	1451.72	6090.7848	888.6	1
79	1632.4	6098.8031	2125.6	1
79	1699.14	6101.7251	867.0	1
78	39.74	6101.7251	527.2	1
78	118.77	6105.6351	1706.5	1
78	157.59	6107.5337	356.2	1
78	265.42	6112.8375	1405.0	1
78	308.03	6114.9234	7817.7	1
78	333.87	6116.1661	269.0	1
78	406.09	6119.6998	368.2	1
78	423.92	6120.5564	488.9	1
78	441.61	6121.4075	365.7	1
78	481.81	6123.3619	287.5	1
78	491.62	6123.8331	262.4	1
78	504.8	6124.4805	1004.0	1
78	565.71	6127.416	490.1	1
78	609.97	6129.5458	125.6	1
78	683.08	6133.0571	158.7	1
78	800.56	6138.6465	590.4	1
78	944.08	6145.4411	2914.7	1
78	1056.49	6150.683	306.6	1
78	1084.23	6151.9929	7089.1	1
78	1129.16	6154.0682	987.8	1
78	1138.89	6154.5162	495.8	1
78	1154.32	6155.2385	1655.1	1
78	1194.44	6157.0878	850.4	1
78	1287.2	6161.3534	843.7	1
78	1355.37	6164.4796	6848.2	1
78	1473.07	6169.8221	16725.2	1
78	1527.59	6172.2778	7958.3	1
78	1545.91	6173.0964	3119.3	1
78	1665.43	6178.4315	1278.1	1
78	1716.8	6180.705	792.1	1
78	1759.76	6182.6217	22650.7	1
77	35.14	6180.705	522.9	1
77	73.13	6182.6217	18919.2	1
77	204.37	6189.1449	110.1	1
77	259.58	6191.9053	2449.9	1
77	299.3	6193.8563	305.1	1
77	328.96	6195.321	48.9	1
77	387.33	6198.2227	3894.1	1
77	432.61	6200.4325	330.4	1
77	494.51	6203.4925	9123.5	1
77	570.74	6207.2201	5162.9	1
77	679.38	6212.5031	1936.5	1
77	750.44	6215.9383	1411.4	1
77	835.28	6220.0112	637.9	1
77	862.8	6221.3192	340.0	1
77	968.4	6226.3697	1420.3	1
77	1148.07	6234.8554	2097.5	1
77	1278.87	6240.9536	613.0	1
77	1325.46	6243.1201	1408.1	1
77	1440.43	6248.4055	447.0	1
77	1719.4	6261.0642	1056.2	1
77	1727.12	6261.4181	2719.2	1
76	16.81	6261.0642	676.6	1
76	23.59	6261.4181	1574.4	1
76	117.73	6266.1737	157.5	1
76	224.02	6271.5444	328.4	1
76	274.98	6274.1166	1921.4	1
76	337.52	6277.2385	247.3	1
76	375.99	6279.1666	340.0	1
76	498.83	6285.278	276.8	1
76	618.15	6291.1915	476.0	1
76	659.84	6293.2424	415.3	1
76	733.57	6296.8722	1673.5	1
76	816.83	6300.9165	396.8	1
76	864.91	6303.2507	358.4	1
76	955.64	6307.657	2586.6	1
76	1021.53	6310.8101	456.8	1
76	1125.41	6315.775	473.1	1
76	1349.69	6326.3669	1015.6	1
76	1369.0	6327.2778	3660.3	1
76	1637.27	6339.6684	417.5	1
76	1706.92	6342.8595	4132.6	1
75	98.86	6348.7375	656.5	1
75	239.22	6355.9108	488.0	1
75	416.33	6364.8937	326.1	1
75	500.36	6369.1394	199.9	1
75	509.03	6369.5748	932.1	1
75	655.82	6376.9305	1548.5	1
75	867.38	6387.3957	876.2	1
75	887.86	6388.4179	151.5	1
75	1188.98	6403.0128	245.1	1
75	1260.5	6406.4462	1167.3	1
75	1375.05	6411.8991	5567.3	1
75	1411.51	6413.6145	850.3	1
74	161.63	6437.7613	222.8	1
74	336.47	6446.7712	148.3	1
74	541.51	6457.2824	10416.2	1
74	725.03	6466.5526	700.9	1
74	1057.33	6483.0825	1592.5	1
74	1214.03	6490.7372	1679.1	1
74	1420.07	6500.6575	63.0	1
74	1582.12	6508.3605	135.3	1
74	1667.18	6512.3639	1547.8	1
73	394.88	6538.112	877.1	1
73	541.78	6545.7186	72.6	1
73	1165.19	6577.2146	2795.2	1
73	1301.18	6583.906	16580.9	1
73	1396.26	6588.5396	14298.8	1
73	1457.04	6591.4845	13149.0	1
73	1737.07	6604.8534	1407.4	1
73	1749.19	6605.4165	491.2	1
72	226.07	6619.9458	707.2	1
72	572.9	6638.2207	914.0	1
72	586.35	6638.9119	348.0	1
72	602.11	6639.7403	648.3	1
72	678.09	6643.6976	1614.4	1
72	696.94	6644.6635	718.3	1
72	970.16	6658.6774	619.6	1
72	1009.39	6660.6761	904.2	1
72	1040.7	6662.2686	5551.4	1
72	1076.15	6664.051	1128.7	1
72	1121.93	6666.3588	1357.4	1
72	1288.83	6674.6969	1378.6	1
72	1340.79	6677.2817	22026.7	1
72	1370.06	6678.7067	563.1	1
72	1483.59	6684.2929	1587.2	1
71	241.41	6713.97	321.9	1
71	493.22	6727.4583	1716.2	1
71	977.58	6752.8335	26430.0	1
71	1247.84	6766.6117	2688.0	1
71	1524.07	6780.4131	1471.3	1
70	294.93	6812.7752	109.0	1
70	514.68	6824.6774	480.7	1
70	562.48	6827.2488	461.4	1
70	595.65	6829.0355	919.4	1
70	705.78	6834.9246	2393.7	1
70	1209.34	6861.2688	1692.6	1
70	1253.71	6863.535	386.7	1
70	1316.94	6866.7634	518.9	1
70	1405.67	6871.2891	31353.8	1
70	1474.5	6874.753	1323.1	1
70	1570.86	6879.5824	1180.9	1
70	1722.23	6887.0881	765.7	1
70	1744.1	6888.1742	1486.3	1
69	265.6	6909.8491	200.6	1
69	379.43	6916.1289	282.3	1
69	450.34	6920.0394	93.3	1
69	541.43	6925.0094	303.6	1
69	885.71	6943.6105	3639.1	1
69	921.23	6945.4902	616.6	1
69	1033.98	6951.4776	1837.9	1
69	1201.15	6960.25	2188.8	1
69	1705.53	6986.0298	100.2	1
69	1777.63	6989.6553	6538.4	1
68	49.84	6999.2706	73.4	1
68	76.97	7000.8036	1272.8	1
68	114.1	7002.8829	202.5	1
68	335.02	7015.3172	170.0	1
68	392.82	7018.5675	3101.8	1
68	512.66	7025.2251	216.9	1
68	534.89	7026.4616	123.0	1
68	603.17	7030.2514	18986.2	1
68	713.24	7036.2831	466.3	1
68	757.86	7038.7202	141.9	1
68	887.92	7045.797	855.8	1
68	1143.37	7059.5253	231.1	1
68	1153.5	7060.0417	728.6	1
68	1164.93	7060.6538	1891.9	1
68	1236.79	7064.4515	705.6	1
68	1289.03	7067.2181	463242.8	1
68	1317.96	7068.7358	18749.7	1
68	1363.34	7071.0942	246.9	1
68	1388.23	7072.3939	491.9	1
68	1444.65	7075.3336	734.9	1
68	1615.69	7084.169	3183.2	1
68	1665.55	7086.7044	648.1	1
68	1717.42	7089.3395	338.6	1
67	157.46	7109.8602	152.8	1
67	415.31	7124.5607	3065.7	1
67	437.57	7125.82	2312.3	1
67	732.33	7142.331	269.2	1
67	817.02	7147.0416	123983.2	1
67	844.8	7148.5589	520.2	1
67	961.27	7154.9538	419.0	1
67	1032.5	7158.8387	2418.1	1
67	1052.99	7159.947	331.6	1
67	1101.22	7162.5569	661.3	1
67	1302.6	7173.3725	568.7	1
67	1640.31	7191.1328	479.7	1
66	73.89	7212.6896	454.9	1
66	184.87	7219.1515	393.3	1
66	371.47	7229.9386	329.6	1
66	583.75	7242.0919	294.7	1
66	629.54	7244.6965	351.8	1
66	994.5	7265.1724	2132.7	1
66	1094.05	7270.6636	1857.1	1
66	1135.31	7272.9359	329394.2	1
66	1355.67	7284.9033	1901.6	1
66	1365.86	7285.4437	745.7	1
65	94.06	7324.8073	146.9	1
65	152.61	7328.285	795.9	1
65	371.63	7341.1515	594.8	1
65	444.64	7345.3996	170.4	1
65	537.57	7350.814	743.5	1
65	909.36	7372.1184	30638.3	1
65	1057.09	7380.4263	568.5	1
65	1148.12	7385.5006	4896.5	1
65	1283.37	7392.9801	4381.0	1
65	1291.86	7393.4377	680.7	1
65	1453.14	7402.2521	701.1	1
65	1485.12	7403.9901	140.2	1
65	1640.12	7412.3368	2082.7	1
65	1757.03	7418.5499	438.6	1
64	29.76	7435.3683	4017.6	1
64	45.22	7436.297	1339.6	1
64	186.05	7444.7489	325.7	1
64	237.87	7447.8488	323.9	1
64	361.49	7455.208	197.8	1
64	473.94	7461.8746	216.2	1
64	631.66	7471.1641	2661.0	1
64	846.28	7483.6256	715.9	1
64	858.25	7484.3267	2873.6	1
64	1144.52	7500.6556	1164.4	1
64	1201.44	7503.8691	655604.6	1
64	1318.3	7510.4082	2300.0	1
64	1335.21	7511.3498	560.2	1
64	1342.86	7511.7902	561.8	1
64	1394.56	7514.6518	591408.2	1
64	1548.79	7523.1347	329.8	1
64	1592.09	7525.5079	815.1	1
63	295.32	7569.5115	382.9	1
63	624.94	7589.3151	521.0	1
63	939.56	7607.823	451.9	1
63	1121.34	7618.3443	1060.9	1
63	1250.06	7625.7053	620.8	1
63	1275.87	7627.1749	1293.3	1
63	1305.83	7628.8818	1801.8	1
63	1636.36	7647.3794	2514.7	1
63	1753.84	7653.8284	352.6	1
62	193.68	7685.3075	413.2	1
62	450.85	7701.1081	199.6	1
62	511.81	7704.8169	533.5	1
62	601.64	7710.2692	438.2	1
62	825.88	7723.7611	455323.4	1
62	833.37	7724.2072	476602.1	1
62	913.38	7728.951	443.6	1
62	1144.79	7742.5628	348.6	1
61	139.63	7807.8759	51.2	1
61	685.74	7841.7911	396.7	1
61	1018.24	7861.91	545.6	1
61	1053.65	7864.0218	218.5	1
61	1086.32	7865.9698	660.2	1
61	1123.63	7868.1946	1206.1	1
60	136.24	7937.7335	261.2	1
60	198.73	7941.7259	358.7	1
60	401.25	7954.5923	327.6	1
60	438.74	7956.974	312.5	1
60	688.11	7972.596	505.8	1
60	790.69	7978.9731	7398.1	1
60	937.3	7987.9731	548.4	1
60	1030.9	7993.6808	405.0	1
60	1237.59	8006.1567	494747.8	1
60	1382.72	8014.7857	693217.4	1
60	1429.33	8017.5275	736.1	1
60	1508.91	8022.2014	504.6	1
60	1543.73	8024.253	388.8	1
60	1569.14	8025.7271	334.9	1
60	1646.2	8030.2004	368.8	1
60	1684.59	8032.4313	1325.9	1
60	1740.5	8035.6377	245.0	1
60	1767.8	8037.2183	809.1	1
59	336.59	8085.219	516.7	1
59	467.08	8093.6238	1298.0	1
59	870.68	8119.1811	1871.4	1
59	1035.44	8129.4051	693.6	1
59	1182.93	8138.4753	1130.2	1
59	1259.44	8143.138	3297.8	1
59	1535.55	8159.7277	1480.3	1
59	1649.16	8166.4477	237.7	1
59	1706.02	8169.7865	571.7	1
58	177.81	8214.1472	130.7	1
58	765.11	8252.3936	1710.0	1
58	955.68	8264.5225	496200.2	1
58	1132.77	8275.6266	1365.7	1
57	344.17	8369.3404	325.9	1
57	575.81	8384.724	1367.9	1
57	611.82	8387.1053	401.9	1
57	867.96	8403.7965	644.5	1
57	935.98	8408.2096	775632.8	1
57	1068.97	8416.7269	10825.6	1
57	1088.96	8417.9982	1511.0	1
57	1139.74	8421.2254	4095.5	1
57	1527.8	8445.487	2152.2	1
57	1544.41	8446.5116	4086.4	1
57	1612.18	8450.6754	288.3	1
56	224.8	8510.624	484.7	1
56	311.64	8516.5542	339.3	1
56	523.98	8530.9108	222.6	1
56	656.41	8539.793	460.1	1
56	884.92	8554.944	728.5	1
56	1163.91	8573.1205	2306.4	1
56	1680.55	8605.7762	6912.0	1
55	413.71	8678.4083	1154.3	1
55	551.28	8687.848	111.0	1
55	746.19	8701.1209	161.6	1
55	866.75	8709.2341	979.2	1
55	932.54	8713.6547	417.8	1
55	1094.3	8724.3761	209.4	1
55	1457.7	8748.0309	2173.0	1
55	1617.8	8758.2434	1970.9	1
55	1672.27	8761.6862	6065.9	1
54	443.75	8841.1833	354.5	1
54	842.74	8868.8334	1433.3	1
54	1200.34	8892.9865	730.5	1
53	50.45	8979.7026	98.8	1
53	450.85	9008.4636	534.8	1
53	565.08	9016.5903	494.0	1
53	579.28	9017.5912	437.2	1
53	975.77	9045.3532	532.2	1
53	1094.06	9053.4858	684.2	1
53	1227.32	9062.5631	584.8	1
53	1247.78	9063.96	1120.0	1
53	1371.0	9072.2785	679.9	1
53	1712.22	9094.8289	1563.9	1
52	629.84	9194.6385	35549.3	1
52	759.77	9203.9617	9691.8	1
52	928.19	9215.9197	371.3	1
52	1050.13	9224.4992	768936.0	1
52	1093.44	9227.5119	1009.5	1
52	1165.16	9232.496	504.7	1
52	1184.57	9233.8574	409.5	1
52	1572.09	9260.3254	255.5	1
52	1659.81	9266.207	2642.8	1
52	1682.19	9267.6895	198.7	1
51	744.66	9383.2722	1253.4	1
51	1106.92	9409.3488	473.2	1
51	1290.52	9422.3137	95.7	1
51	1423.48	9431.5996	1795.7	1
50	615.61	9561.2452	583.6	1
50	1222.06	9605.8059	121.5	1
50	1332.14	9613.6911	580.0	1
50	1556.61	9629.5693	1497.0	1
50	1600.51	9632.6439	1728.3	1
50	1742.49	9642.4776	197.4	1
50	1754.71	9643.3195	182.6	1
49	354.19	9736.2125	177.4	1
49	1146.02	9796.2002	657.5	1
49	1371.36	9812.6976	1825.6	1
49	1660.26	9833.4232	5752.3	1
48	206.44	9927.3252	53.8	1
48	1676.0	10039.3641	568.6	1
48	1758.66	10045.3125	58.3	1
133	385.44	3589.7495	28.1	1
133	1055.25	3608.377	99.0	1
132	1163.76	3638.6444	94.7	1
132	1193.42	3639.4469	108.7	1
76	538.74	6287.2554	169.9	1
76	652.91	6292.8909	263.0	1
76	1592.66	6337.6201	443.1	1
74	42.66	6431.555	197.5	1
74	399.5	6450.006	206.0	1
74	1265.05	6493.1975	457.8	1
74	1596.99	6509.0503	435.4	1
62	47.04	7676.2195	220.3	1
62	77.87	7678.1267	440.2	1
58	900.68	8261.0143	414.1	1
54	1391.86	8905.6581	490.5	1
53	781.21	9031.8194	341.1	1
49	449.15	9743.5614	272.1	1
47	830.16	10188.4156	77.6	1
